3.000000000000000000e+02 4.545702208937219945e-04
3.005000000000000000e+02 5.699187811779990107e-04
3.010000000000000000e+02 9.158512847090230372e-04
3.015000000000000000e+02 1.315174342379760077e-03
3.020000000000000000e+02 1.454738901995489926e-03
3.025000000000000000e+02 2.182217461138569788e-03
3.030000000000000000e+02 3.716930650127000212e-03
3.035000000000000000e+02 4.783420698731260384e-03
3.040000000000000000e+02 5.082638617979669607e-03
3.045000000000000000e+02 6.448265039580059615e-03
3.050000000000000000e+02 8.900401560596559250e-03
3.055000000000000000e+02 1.015668233745179935e-02
3.060000000000000000e+02 1.011726839000729947e-02
3.065000000000000000e+02 1.153320817208799975e-02
3.070000000000000000e+02 1.520219010082390042e-02
3.075000000000000000e+02 1.940983350567800081e-02
3.080000000000000000e+02 2.068680891539029926e-02
3.085000000000000000e+02 2.268168215944759911e-02
3.090000000000000000e+02 2.223397842535200161e-02
3.095000000000000000e+02 2.360092540940940051e-02
3.100000000000000000e+02 2.774996490585579859e-02
3.105000000000000000e+02 3.577824535998150313e-02
3.110000000000000000e+02 4.526308576284929913e-02
3.115000000000000000e+02 4.603277405257050203e-02
3.120000000000000000e+02 5.076174011868039848e-02
3.125000000000000000e+02 5.362595526138219659e-02
3.130000000000000000e+02 5.816594742434429838e-02
3.135000000000000000e+02 5.884635789794229882e-02
3.140000000000000000e+02 6.510247146637479498e-02
3.145000000000000000e+02 7.030173522304969391e-02
3.150000000000000000e+02 7.350637262041309627e-02
3.155000000000000000e+02 6.467087587884709499e-02
3.160000000000000000e+02 6.692783849456179768e-02
3.165000000000000000e+02 8.092675933109740039e-02
3.170000000000000000e+02 9.280165965039280374e-02
3.175000000000000000e+02 9.947943832810450526e-02
3.180000000000000000e+02 9.559180204019750160e-02
3.185000000000000000e+02 9.982539012489399788e-02
3.190000000000000000e+02 1.094672612823739954e-01
3.195000000000000000e+02 1.066968797599970042e-01
3.200000000000000000e+02 1.125278049529710028e-01
3.205000000000000000e+02 1.327682327787859939e-01
3.210000000000000000e+02 1.338599401644720022e-01
3.215000000000000000e+02 1.279062415644620088e-01
3.220000000000000000e+02 1.217525912048890019e-01
3.225000000000000000e+02 1.194608392404799962e-01
3.230000000000000000e+02 1.160012522904730059e-01
3.235000000000000000e+02 1.336704276665739988e-01
3.240000000000000000e+02 1.482365975355099952e-01
3.245000000000000000e+02 1.543791076133639861e-01
3.250000000000000000e+02 1.547526673833949928e-01
3.255000000000000000e+02 1.790325189269730000e-01
3.260000000000000000e+02 2.083047138588539904e-01
3.265000000000000000e+02 2.212269734142849886e-01
3.270000000000000000e+02 2.179582391381829909e-01
3.275000000000000000e+02 2.124831502488780111e-01
3.280000000000000000e+02 1.973941445580109921e-01
3.285000000000000000e+02 2.064039836196180089e-01
3.290000000000000000e+02 2.325859164560629966e-01
3.295000000000000000e+02 2.582200513007290033e-01
3.300000000000000000e+02 2.615012630788670078e-01
3.305000000000000000e+02 2.406500749196940070e-01
3.310000000000000000e+02 2.279951916849599913e-01
3.315000000000000000e+02 2.359880710239120050e-01
3.320000000000000000e+02 2.447102084628740015e-01
3.325000000000000000e+02 2.461835295050029959e-01
3.330000000000000000e+02 2.422748072921850071e-01
3.335000000000000000e+02 2.323146443084430079e-01
3.340000000000000000e+02 2.378919534698389904e-01
3.345000000000000000e+02 2.539841731369230082e-01
3.350000000000000000e+02 2.644048693980620146e-01
3.355000000000000000e+02 2.585880809591900031e-01
3.360000000000000000e+02 2.378111194976519904e-01
3.365000000000000000e+02 2.206979338962800075e-01
3.370000000000000000e+02 2.173861259181250061e-01
3.375000000000000000e+02 2.340384813942540110e-01
3.380000000000000000e+02 2.528886274147870150e-01
3.385000000000000000e+02 2.651583448276669808e-01
3.390000000000000000e+02 2.706269240836809975e-01
3.395000000000000000e+02 2.781332550717670049e-01
3.400000000000000000e+02 2.962372678172739970e-01
3.405000000000000000e+02 2.963915352631250055e-01
3.410000000000000000e+02 2.789961766538520127e-01
3.415000000000000000e+02 2.782112656602320211e-01
3.420000000000000000e+02 2.908811185530130183e-01
3.425000000000000000e+02 3.026223878537490086e-01
3.430000000000000000e+02 3.082307596164179930e-01
3.435000000000000000e+02 2.921428529833690058e-01
3.440000000000000000e+02 2.532488786757760013e-01
3.445000000000000000e+02 2.441323045082740006e-01
3.450000000000000000e+02 2.782504689822259958e-01
3.455000000000000000e+02 2.973051060348509966e-01
3.460000000000000000e+02 2.910259153377540153e-01
3.465000000000000000e+02 2.971734216180589860e-01
3.470000000000000000e+02 3.028815147281300191e-01
3.475000000000000000e+02 2.932247002744770015e-01
3.480000000000000000e+02 2.927787973988449921e-01
3.485000000000000000e+02 2.985569832003819868e-01
3.490000000000000000e+02 2.883702477288390131e-01
3.495000000000000000e+02 2.969259594206509756e-01
3.500000000000000000e+02 3.288306279349489936e-01
3.505000000000000000e+02 3.543917905928309908e-01
3.510000000000000000e+02 3.457238989197070067e-01
3.515000000000000000e+02 3.335888167471660060e-01
3.520000000000000000e+02 3.264591243938220200e-01
3.525000000000000000e+02 3.092770027896489804e-01
3.530000000000000000e+02 3.294731263032329993e-01
3.535000000000000000e+02 3.632084118763849734e-01
3.540000000000000000e+02 3.849142408789330005e-01
3.545000000000000000e+02 3.901138797459869911e-01
3.550000000000000000e+02 3.910870052146069864e-01
3.555000000000000000e+02 3.784808819671799940e-01
3.560000000000000000e+02 3.559922177491610107e-01
3.565000000000000000e+02 3.346913510410229886e-01
3.570000000000000000e+02 2.950442048276650242e-01
3.575000000000000000e+02 2.992732146557929851e-01
3.580000000000000000e+02 2.791505585503610276e-01
3.585000000000000000e+02 2.597876859649689840e-01
3.590000000000000000e+02 3.062763366470560022e-01
3.595000000000000000e+02 3.698636023146750218e-01
3.600000000000000000e+02 3.921214948810169965e-01
3.605000000000000000e+02 3.714080649929389910e-01
3.610000000000000000e+02 3.425401379615080066e-01
3.615000000000000000e+02 3.362362345928879837e-01
3.620000000000000000e+02 3.532561691313240160e-01
3.625000000000000000e+02 3.877752530551720200e-01
3.630000000000000000e+02 3.997800573658880086e-01
3.635000000000000000e+02 3.896798019007770009e-01
3.640000000000000000e+02 4.044529729286269748e-01
3.645000000000000000e+02 4.015269137201630256e-01
3.650000000000000000e+02 4.178283233044909895e-01
3.655000000000000000e+02 4.608026863939450046e-01
3.660000000000000000e+02 4.947632501707570074e-01
3.665000000000000000e+02 4.966245432681120064e-01
3.670000000000000000e+02 4.883822222601679752e-01
3.675000000000000000e+02 4.801098375605329927e-01
3.680000000000000000e+02 4.529091092851190159e-01
3.685000000000000000e+02 4.507826833836000024e-01
3.690000000000000000e+02 4.721518994795920188e-01
3.695000000000000000e+02 5.082524142540699730e-01
3.700000000000000000e+02 5.163500969802029550e-01
3.705000000000000000e+02 4.677016347218829750e-01
3.710000000000000000e+02 4.759990776802329737e-01
3.715000000000000000e+02 4.955800008830120174e-01
3.720000000000000000e+02 4.647903434079709850e-01
3.725000000000000000e+02 4.436337275307979944e-01
3.730000000000000000e+02 4.280837810447329916e-01
3.735000000000000000e+02 3.865986089292410277e-01
3.740000000000000000e+02 3.862897520766209736e-01
3.745000000000000000e+02 3.841319432544539891e-01
3.750000000000000000e+02 4.106379240176389889e-01
3.755000000000000000e+02 4.548840557410709917e-01
3.760000000000000000e+02 4.719156532240060264e-01
3.765000000000000000e+02 4.651206229580679974e-01
3.770000000000000000e+02 4.998624993135640238e-01
3.775000000000000000e+02 5.585912930381510266e-01
3.780000000000000000e+02 6.028083642082030513e-01
3.785000000000000000e+02 5.885976545501190316e-01
3.790000000000000000e+02 5.258733209271430065e-01
3.795000000000000000e+02 4.722937111496359752e-01
3.800000000000000000e+02 4.972414171239030178e-01
3.805000000000000000e+02 5.336717394373570178e-01
3.810000000000000000e+02 5.439461897359110232e-01
3.815000000000000000e+02 4.910847426259369874e-01
3.820000000000000000e+02 4.193534879637539903e-01
3.825000000000000000e+02 3.634146121401909957e-01
3.830000000000000000e+02 3.263053799150379963e-01
3.835000000000000000e+02 3.164114660261529988e-01
3.840000000000000000e+02 3.666955998205980172e-01
3.845000000000000000e+02 4.421555954226999985e-01
3.850000000000000000e+02 4.861222869000039748e-01
3.855000000000000000e+02 4.652433556665219738e-01
3.860000000000000000e+02 4.496016479688679790e-01
3.865000000000000000e+02 4.682317713863929920e-01
3.870000000000000000e+02 4.731791485814980103e-01
3.875000000000000000e+02 4.670623913220959822e-01
3.880000000000000000e+02 4.632544100870760184e-01
3.885000000000000000e+02 4.607146041424460270e-01
3.890000000000000000e+02 5.009419243666259902e-01
3.895000000000000000e+02 5.560710314799880427e-01
3.900000000000000000e+02 5.842544174149669756e-01
3.905000000000000000e+02 5.900612808619120075e-01
3.910000000000000000e+02 6.260018677039369539e-01
3.915000000000000000e+02 6.358265609368930482e-01
3.920000000000000000e+02 5.862433431050559918e-01
3.925000000000000000e+02 4.893456819722900031e-01
3.930000000000000000e+02 3.548283409526000187e-01
3.935000000000000000e+02 2.825673724131569919e-01
3.940000000000000000e+02 3.676014416155889974e-01
3.945000000000000000e+02 5.078344250814550431e-01
3.950000000000000000e+02 6.006325660338609485e-01
3.955000000000000000e+02 6.406591430808460386e-01
3.960000000000000000e+02 5.641196488543880339e-01
3.965000000000000000e+02 4.107829796951339985e-01
3.970000000000000000e+02 3.186431039931830189e-01
3.975000000000000000e+02 4.712472064355129886e-01
3.980000000000000000e+02 6.390820138454790245e-01
3.985000000000000000e+02 7.557928563794360510e-01
3.990000000000000000e+02 8.036218049979809708e-01
3.995000000000000000e+02 8.293230021500239690e-01
4.000000000000000000e+02 8.394030050421900091e-01
4.010000000000000000e+02 8.763971576710070099e-01
4.020000000000000000e+02 9.133309757277969787e-01
4.030000000000000000e+02 8.815808927480489610e-01
4.040000000000000000e+02 8.979420882300800377e-01
4.050000000000000000e+02 8.779455050108889713e-01
4.060000000000000000e+02 8.582391389891069755e-01
4.070000000000000000e+02 8.449090851112279754e-01
4.080000000000000000e+02 8.843050148904050278e-01
4.090000000000000000e+02 9.465450740482489467e-01
4.100000000000000000e+02 8.085580845619440016e-01
4.110000000000000000e+02 9.070829738126799935e-01
4.120000000000000000e+02 9.661930967080949451e-01
4.130000000000000000e+02 9.288549263905799824e-01
4.140000000000000000e+02 9.206768739540239777e-01
4.150000000000000000e+02 9.549926008816489453e-01
4.160000000000000000e+02 9.855504227768659975e-01
4.170000000000000000e+02 9.631973310347370365e-01
4.180000000000000000e+02 9.232180875605120463e-01
4.190000000000000000e+02 9.627935457883689541e-01
4.200000000000000000e+02 8.839713866885919868e-01
4.210000000000000000e+02 1.005889932595880110e+00
4.220000000000000000e+02 9.941744426242230537e-01
4.230000000000000000e+02 9.645091251090569529e-01
4.240000000000000000e+02 9.610124104351039920e-01
4.250000000000000000e+02 9.922712452943419636e-01
4.260000000000000000e+02 9.658293628301920508e-01
4.270000000000000000e+02 9.346771221193710399e-01
4.280000000000000000e+02 9.454082121511580006e-01
4.290000000000000000e+02 8.768660770043420483e-01
4.300000000000000000e+02 7.006950639160880456e-01
4.310000000000000000e+02 6.371971310268039757e-01
4.320000000000000000e+02 1.061801437397950076e+00
4.330000000000000000e+02 9.895545240366310225e-01
4.340000000000000000e+02 9.156413969421569599e-01
4.350000000000000000e+02 1.006013623403479995e+00
4.360000000000000000e+02 1.105005502865469946e+00
4.370000000000000000e+02 1.129464317775910054e+00
4.380000000000000000e+02 9.926669631366310531e-01
4.390000000000000000e+02 9.565442518474469580e-01
4.400000000000000000e+02 1.098157322295399974e+00
4.410000000000000000e+02 1.084760403392919903e+00
4.420000000000000000e+02 1.162766813704199986e+00
4.430000000000000000e+02 1.181035615566299990e+00
4.440000000000000000e+02 1.152454676595680017e+00
4.450000000000000000e+02 1.197893584126000111e+00
4.460000000000000000e+02 1.075416391104240033e+00
4.470000000000000000e+02 1.224340227813180082e+00
4.480000000000000000e+02 1.240809514817049930e+00
4.490000000000000000e+02 1.239498574954269960e+00
4.500000000000000000e+02 1.286632402689410037e+00
4.510000000000000000e+02 1.336062644149039969e+00
4.520000000000000000e+02 1.280713510330689919e+00
4.530000000000000000e+02 1.184013893030700038e+00
4.540000000000000000e+02 1.271498745914110051e+00
4.550000000000000000e+02 1.263994950681949891e+00
4.560000000000000000e+02 1.307230381959179955e+00
4.570000000000000000e+02 1.319702193867660078e+00
4.580000000000000000e+02 1.293021551049639895e+00
4.590000000000000000e+02 1.284319315320360033e+00
4.600000000000000000e+02 1.277514898965750101e+00
4.610000000000000000e+02 1.323844160115529967e+00
4.620000000000000000e+02 1.337513670610620098e+00
4.630000000000000000e+02 1.343492680377440074e+00
4.640000000000000000e+02 1.303830029009440006e+00
4.650000000000000000e+02 1.288836328298960110e+00
4.660000000000000000e+02 1.317286414072180056e+00
4.670000000000000000e+02 1.259942086317159982e+00
4.680000000000000000e+02 1.316048491011660104e+00
4.690000000000000000e+02 1.322926090784610098e+00
4.700000000000000000e+02 1.273180046230010021e+00
4.710000000000000000e+02 1.295730120717420109e+00
4.720000000000000000e+02 1.364216082202259983e+00
4.730000000000000000e+02 1.312567690333140025e+00
4.740000000000000000e+02 1.328525457862770098e+00
4.750000000000000000e+02 1.373541308399210070e+00
4.760000000000000000e+02 1.327986322178710044e+00
4.770000000000000000e+02 1.337246194624980067e+00
4.780000000000000000e+02 1.381853342899840076e+00
4.790000000000000000e+02 1.356563627661069971e+00
4.800000000000000000e+02 1.380400196255129996e+00
4.810000000000000000e+02 1.381463988493780048e+00
4.820000000000000000e+02 1.387719569086149907e+00
4.830000000000000000e+02 1.372009898070599920e+00
4.840000000000000000e+02 1.347016065464599954e+00
4.850000000000000000e+02 1.343488143250950007e+00
4.860000000000000000e+02 1.089978215613359946e+00
4.870000000000000000e+02 1.221415709862269994e+00
4.880000000000000000e+02 1.322896156924729949e+00
4.890000000000000000e+02 1.246984636716560013e+00
4.900000000000000000e+02 1.394274078648420012e+00
4.910000000000000000e+02 1.341016822647270068e+00
4.920000000000000000e+02 1.279379685917279907e+00
4.930000000000000000e+02 1.369247940195349900e+00
4.940000000000000000e+02 1.337549029327040007e+00
4.950000000000000000e+02 1.420905513139270049e+00
4.960000000000000000e+02 1.351971424890610063e+00
4.970000000000000000e+02 1.375825006150040108e+00
4.980000000000000000e+02 1.339110451585380002e+00
4.990000000000000000e+02 1.339808180191240039e+00
5.000000000000000000e+02 1.335916731592009965e+00
5.010000000000000000e+02 1.295801908267419922e+00
5.020000000000000000e+02 1.295791515111019976e+00
5.030000000000000000e+02 1.356115126115619907e+00
5.040000000000000000e+02 1.264742535586270034e+00
5.050000000000000000e+02 1.355970765757910090e+00
5.060000000000000000e+02 1.411187463642509909e+00
5.070000000000000000e+02 1.350734936816399889e+00
5.080000000000000000e+02 1.316911240851089904e+00
5.090000000000000000e+02 1.380581986534779926e+00
5.100000000000000000e+02 1.345266783639710084e+00
5.110000000000000000e+02 1.370645626620250024e+00
5.120000000000000000e+02 1.407578967197129938e+00
5.130000000000000000e+02 1.322948717263020102e+00
5.140000000000000000e+02 1.295523689800990086e+00
5.150000000000000000e+02 1.333463355041190068e+00
5.160000000000000000e+02 1.346193650718489954e+00
5.170000000000000000e+02 1.097356868332020063e+00
5.180000000000000000e+02 1.255417852849640026e+00
5.190000000000000000e+02 1.217241841285060078e+00
5.200000000000000000e+02 1.329451408964049897e+00
5.210000000000000000e+02 1.339662478989110062e+00
5.220000000000000000e+02 1.370287729759950057e+00
5.230000000000000000e+02 1.292258424573500042e+00
5.240000000000000000e+02 1.390501203982019929e+00
5.250000000000000000e+02 1.380119028647410095e+00
5.260000000000000000e+02 1.342156737591599924e+00
5.270000000000000000e+02 1.174497762284550051e+00
5.280000000000000000e+02 1.345098183843010053e+00
5.290000000000000000e+02 1.408188321965669898e+00
5.300000000000000000e+02 1.353978953073250002e+00
5.310000000000000000e+02 1.428543604181339965e+00
5.320000000000000000e+02 1.403142104145109981e+00
5.330000000000000000e+02 1.253340961554950006e+00
5.340000000000000000e+02 1.342962109027149964e+00
5.350000000000000000e+02 1.363771099710169965e+00
5.360000000000000000e+02 1.422498520812389922e+00
5.370000000000000000e+02 1.316631125364049915e+00
5.380000000000000000e+02 1.382945902609600042e+00
5.390000000000000000e+02 1.349206559569150032e+00
5.400000000000000000e+02 1.303133497796739926e+00
5.410000000000000000e+02 1.253230749788019960e+00
5.420000000000000000e+02 1.364519177775469938e+00
5.430000000000000000e+02 1.342368967727119999e+00
5.440000000000000000e+02 1.389756649723479898e+00
5.450000000000000000e+02 1.358406223017569969e+00
5.460000000000000000e+02 1.346256408678659922e+00
5.470000000000000000e+02 1.364121793015609985e+00
5.480000000000000000e+02 1.325602478883969981e+00
5.490000000000000000e+02 1.367301617179959905e+00
5.500000000000000000e+02 1.356798523395059908e+00
5.510000000000000000e+02 1.355747879895619956e+00
5.520000000000000000e+02 1.383818982891759974e+00
5.530000000000000000e+02 1.344922047466619919e+00
5.540000000000000000e+02 1.371518357388179954e+00
5.550000000000000000e+02 1.379463943629140044e+00
5.560000000000000000e+02 1.356309876667169956e+00
5.570000000000000000e+02 1.323442960616219910e+00
5.580000000000000000e+02 1.352372051163980071e+00
5.590000000000000000e+02 1.279959902296879948e+00
5.600000000000000000e+02 1.303014257158430000e+00
5.610000000000000000e+02 1.379104020449980039e+00
5.620000000000000000e+02 1.313458697125510000e+00
5.630000000000000000e+02 1.363624130566319925e+00
5.640000000000000000e+02 1.337220086987900070e+00
5.650000000000000000e+02 1.345930223464699926e+00
5.660000000000000000e+02 1.273126059856630077e+00
5.670000000000000000e+02 1.357409348507589986e+00
5.680000000000000000e+02 1.345487786326349910e+00
5.690000000000000000e+02 1.312962063782810107e+00
5.700000000000000000e+02 1.313988880259499892e+00
5.710000000000000000e+02 1.271136043309230024e+00
5.720000000000000000e+02 1.342790544965229982e+00
5.730000000000000000e+02 1.348626928806230030e+00
5.740000000000000000e+02 1.341666630321709963e+00
5.750000000000000000e+02 1.311457199142499919e+00
5.760000000000000000e+02 1.300592903197379968e+00
5.770000000000000000e+02 1.333454176718769979e+00
5.780000000000000000e+02 1.292368347619859970e+00
5.790000000000000000e+02 1.310831783733449996e+00
5.800000000000000000e+02 1.332751618577999952e+00
5.810000000000000000e+02 1.338670607657330036e+00
5.820000000000000000e+02 1.359239416754230101e+00
5.830000000000000000e+02 1.372854744638779989e+00
5.840000000000000000e+02 1.369641550491619952e+00
5.850000000000000000e+02 1.358413981776259938e+00
5.860000000000000000e+02 1.325448682347589946e+00
5.870000000000000000e+02 1.354367439506849902e+00
5.880000000000000000e+02 1.323610817081809943e+00
5.890000000000000000e+02 1.143189400499980080e+00
5.900000000000000000e+02 1.215012223296459970e+00
5.910000000000000000e+02 1.298691670020700073e+00
5.920000000000000000e+02 1.271315534617680099e+00
5.930000000000000000e+02 1.288949909784200099e+00
5.940000000000000000e+02 1.282642687554709893e+00
5.950000000000000000e+02 1.266147630400320079e+00
5.960000000000000000e+02 1.303648525825890081e+00
5.970000000000000000e+02 1.306830161243639932e+00
5.980000000000000000e+02 1.289981807397670099e+00
5.990000000000000000e+02 1.287930111803430089e+00
6.000000000000000000e+02 1.298595683734349970e+00
6.010000000000000000e+02 1.282525682136649969e+00
6.020000000000000000e+02 1.262571366871410028e+00
6.030000000000000000e+02 1.289095039924170072e+00
6.040000000000000000e+02 1.311400741890009991e+00
6.050000000000000000e+02 1.308441842600480021e+00
6.060000000000000000e+02 1.301198790002610073e+00
6.070000000000000000e+02 1.308660001205210088e+00
6.080000000000000000e+02 1.304138175572409963e+00
6.090000000000000000e+02 1.294154074648939945e+00
6.100000000000000000e+02 1.288554240068880086e+00
6.110000000000000000e+02 1.281878298161760021e+00
6.120000000000000000e+02 1.301188786960890020e+00
6.130000000000000000e+02 1.282731988772719989e+00
6.140000000000000000e+02 1.243750075497090046e+00
6.150000000000000000e+02 1.289422315552150033e+00
6.160000000000000000e+02 1.255416294718570080e+00
6.170000000000000000e+02 1.239527773937139976e+00
6.180000000000000000e+02 1.286468287375750030e+00
6.190000000000000000e+02 1.292530930021559943e+00
6.200000000000000000e+02 1.293049977545760010e+00
6.210000000000000000e+02 1.298695399856540034e+00
6.220000000000000000e+02 1.252142263392840071e+00
6.230000000000000000e+02 1.243311088251529917e+00
6.240000000000000000e+02 1.239049566270000069e+00
6.250000000000000000e+02 1.230733205117050089e+00
6.260000000000000000e+02 1.229413591721919996e+00
6.270000000000000000e+02 1.264883650197069942e+00
6.280000000000000000e+02 1.197298782685479956e+00
6.290000000000000000e+02 1.238856073951519976e+00
6.300000000000000000e+02 1.222243768146259901e+00
6.310000000000000000e+02 1.242427279710170085e+00
6.320000000000000000e+02 1.196411770003829922e+00
6.330000000000000000e+02 1.272260455768470022e+00
6.340000000000000000e+02 1.252416276783220095e+00
6.350000000000000000e+02 1.267576495293530003e+00
6.360000000000000000e+02 1.238594102038139910e+00
6.370000000000000000e+02 1.280646106136460016e+00
6.380000000000000000e+02 1.288936239311690102e+00
6.390000000000000000e+02 1.283475186813900049e+00
6.400000000000000000e+02 1.256496015657339926e+00
6.410000000000000000e+02 1.257064078121030049e+00
6.420000000000000000e+02 1.259279302403119916e+00
6.430000000000000000e+02 1.272126100122350056e+00
6.440000000000000000e+02 1.266466111113190074e+00
6.450000000000000000e+02 1.275497658390029931e+00
6.460000000000000000e+02 1.239112844355499954e+00
6.470000000000000000e+02 1.233734168434230005e+00
6.480000000000000000e+02 1.221969476553979916e+00
6.490000000000000000e+02 1.183816886496910081e+00
6.500000000000000000e+02 1.189797191473940030e+00
6.510000000000000000e+02 1.264182847138900057e+00
6.520000000000000000e+02 1.214281834961020046e+00
6.530000000000000000e+02 1.251803980283479945e+00
6.540000000000000000e+02 1.237603444459909996e+00
6.550000000000000000e+02 1.180376978485220052e+00
6.560000000000000000e+02 1.035722068939580076e+00
6.570000000000000000e+02 1.082436521027700049e+00
6.580000000000000000e+02 1.209223529190240010e+00
6.590000000000000000e+02 1.212719055826380066e+00
6.600000000000000000e+02 1.219674519288169945e+00
6.610000000000000000e+02 1.214010416549849980e+00
6.620000000000000000e+02 1.203546380495090107e+00
6.630000000000000000e+02 1.205035098873610044e+00
6.640000000000000000e+02 1.214879554650589943e+00
6.650000000000000000e+02 1.236069547520779910e+00
6.660000000000000000e+02 1.234685924776639965e+00
6.670000000000000000e+02 1.225597676068479913e+00
6.680000000000000000e+02 1.229565706531349889e+00
6.690000000000000000e+02 1.250724243469790053e+00
6.700000000000000000e+02 1.233397003530730007e+00
6.710000000000000000e+02 1.230921579268200006e+00
6.720000000000000000e+02 1.213672844140500029e+00
6.730000000000000000e+02 1.223988985068499957e+00
6.740000000000000000e+02 1.222121802749869923e+00
6.750000000000000000e+02 1.211939754218259946e+00
6.760000000000000000e+02 1.225728951358149965e+00
6.770000000000000000e+02 1.214227377983009948e+00
6.780000000000000000e+02 1.220457819959249957e+00
6.790000000000000000e+02 1.209818881470910101e+00
6.800000000000000000e+02 1.211539811640580000e+00
6.810000000000000000e+02 1.206466793728919962e+00
6.820000000000000000e+02 1.211925344894029921e+00
6.830000000000000000e+02 1.198446807216380083e+00
6.840000000000000000e+02 1.190238661414730004e+00
6.850000000000000000e+02 1.190581405019929928e+00
6.860000000000000000e+02 1.163307728103389893e+00
6.870000000000000000e+02 8.431967393196180272e-01
6.880000000000000000e+02 9.732174974224180319e-01
6.890000000000000000e+02 9.788643035581210405e-01
6.900000000000000000e+02 1.024647344570460028e+00
6.910000000000000000e+02 1.067268912242719914e+00
6.920000000000000000e+02 1.096498893500559957e+00
6.930000000000000000e+02 1.088918749519989904e+00
6.940000000000000000e+02 1.075837346904620073e+00
6.950000000000000000e+02 1.095801263149629889e+00
6.960000000000000000e+02 1.092481526756720056e+00
6.970000000000000000e+02 1.151719885699939994e+00
6.980000000000000000e+02 1.132430563681990021e+00
6.990000000000000000e+02 1.108310752720609971e+00
7.000000000000000000e+02 1.098887877186869977e+00
7.010000000000000000e+02 1.083525376823800013e+00
7.020000000000000000e+02 1.083083366436379924e+00
7.030000000000000000e+02 1.087717129453710019e+00
7.040000000000000000e+02 1.113929118809950047e+00
7.050000000000000000e+02 1.123837839022920004e+00
7.060000000000000000e+02 1.116023525328460053e+00
7.070000000000000000e+02 1.109317827885679897e+00
7.080000000000000000e+02 1.103938316364210026e+00
7.090000000000000000e+02 1.105426486279909915e+00
7.100000000000000000e+02 1.109967635184839985e+00
7.110000000000000000e+02 1.105465348413960047e+00
7.120000000000000000e+02 1.095618425027639953e+00
7.130000000000000000e+02 1.079973348246850096e+00
7.140000000000000000e+02 1.086554514519580072e+00
7.150000000000000000e+02 1.046772259854179987e+00
7.160000000000000000e+02 1.054257965059739899e+00
7.170000000000000000e+02 9.168305337067950145e-01
7.180000000000000000e+02 8.504944599364919755e-01
7.190000000000000000e+02 7.602774923315369637e-01
7.200000000000000000e+02 8.079400614022089755e-01
7.210000000000000000e+02 8.847955082882139610e-01
7.220000000000000000e+02 1.003751822159119955e+00
7.230000000000000000e+02 9.227608394558159954e-01
7.240000000000000000e+02 8.483262847422530228e-01
7.250000000000000000e+02 8.302417684282199506e-01
7.260000000000000000e+02 8.599305893174900017e-01
7.270000000000000000e+02 8.580297080544629917e-01
7.280000000000000000e+02 8.184604583477089745e-01
7.290000000000000000e+02 8.175710036356079735e-01
7.300000000000000000e+02 8.753478823906040152e-01
7.310000000000000000e+02 8.239353949611369909e-01
7.320000000000000000e+02 8.798297240022959764e-01
7.330000000000000000e+02 9.024197026666910260e-01
7.340000000000000000e+02 9.227382560443569970e-01
7.350000000000000000e+02 8.998700646933109892e-01
7.360000000000000000e+02 8.816365140079509555e-01
7.370000000000000000e+02 8.721692125001440088e-01
7.380000000000000000e+02 8.802750112897459456e-01
7.390000000000000000e+02 8.485177377758900130e-01
7.400000000000000000e+02 8.631906160011959539e-01
7.410000000000000000e+02 8.560949951260969915e-01
7.420000000000000000e+02 8.526616525905480470e-01
7.430000000000000000e+02 8.683699551157300078e-01
7.440000000000000000e+02 8.732789626662860183e-01
7.450000000000000000e+02 8.716730030156579767e-01
7.460000000000000000e+02 8.686197731979939940e-01
7.470000000000000000e+02 8.683832619911360240e-01
7.480000000000000000e+02 8.625095672605499475e-01
7.490000000000000000e+02 8.591840892930729945e-01
7.500000000000000000e+02 8.576882359138879863e-01
7.510000000000000000e+02 8.536229013714909941e-01
7.520000000000000000e+02 8.564027431878530328e-01
7.530000000000000000e+02 8.519445334044649654e-01
7.540000000000000000e+02 8.625319676584489725e-01
7.550000000000000000e+02 8.598256138423310269e-01
7.560000000000000000e+02 8.492246705533920137e-01
7.570000000000000000e+02 8.481765483595079536e-01
7.580000000000000000e+02 8.531221142965810245e-01
7.590000000000000000e+02 8.289621146692409681e-01
7.600000000000000000e+02 1.873420143676549909e-01
7.610000000000000000e+02 1.085906988357620007e-01
7.620000000000000000e+02 4.811375791584869832e-01
7.630000000000000000e+02 2.668639594963789774e-01
7.640000000000000000e+02 3.779966939281509952e-01
7.650000000000000000e+02 4.803289168142140242e-01
7.660000000000000000e+02 5.691416249858629595e-01
7.670000000000000000e+02 6.793219662653650071e-01
7.680000000000000000e+02 7.755810158445219926e-01
7.690000000000000000e+02 7.853321965700750251e-01
7.700000000000000000e+02 8.083009246948059667e-01
7.710000000000000000e+02 8.138598182096660194e-01
7.720000000000000000e+02 8.206375089656949839e-01
7.730000000000000000e+02 8.209839038786349574e-01
7.740000000000000000e+02 8.219391126561750305e-01
7.750000000000000000e+02 8.228705586564030172e-01
7.760000000000000000e+02 8.257096515757460509e-01
7.770000000000000000e+02 8.217304477665570150e-01
7.780000000000000000e+02 8.217925281677740390e-01
7.790000000000000000e+02 8.268010182174989620e-01
7.800000000000000000e+02 8.191754090054990112e-01
7.810000000000000000e+02 8.183140641245709723e-01
7.820000000000000000e+02 8.233665493225299503e-01
7.830000000000000000e+02 8.212468015352140105e-01
7.840000000000000000e+02 8.169622176414089720e-01
7.850000000000000000e+02 8.220622951357540176e-01
7.860000000000000000e+02 8.240846867299099765e-01
7.870000000000000000e+02 8.158361287073510049e-01
7.880000000000000000e+02 8.071663926263760169e-01
7.890000000000000000e+02 8.057156535179860191e-01
7.900000000000000000e+02 7.829001646760810340e-01
7.910000000000000000e+02 7.951032341162630468e-01
7.920000000000000000e+02 7.894292336692020351e-01
7.930000000000000000e+02 7.855893143930210432e-01
7.940000000000000000e+02 7.939135806521769867e-01
7.950000000000000000e+02 7.925127503107950444e-01
7.960000000000000000e+02 7.806550824461849780e-01
7.970000000000000000e+02 7.947829793596510317e-01
7.980000000000000000e+02 8.113016779956240265e-01
7.990000000000000000e+02 7.972942404894349799e-01
8.000000000000000000e+02 7.860022739625229793e-01
8.010000000000000000e+02 7.988676238679069952e-01
8.020000000000000000e+02 8.007707284316749607e-01
8.030000000000000000e+02 7.870305275336569872e-01
8.040000000000000000e+02 7.978177665886010406e-01
8.050000000000000000e+02 7.805241723967949463e-01
8.060000000000000000e+02 8.124435694277960529e-01
8.070000000000000000e+02 8.043171534998679872e-01
8.080000000000000000e+02 8.030878104164560494e-01
8.090000000000000000e+02 7.820421512746650317e-01
8.100000000000000000e+02 7.833380866379919816e-01
8.110000000000000000e+02 7.812158994437780057e-01
8.120000000000000000e+02 7.616286548267670042e-01
8.130000000000000000e+02 7.474661397148120168e-01
8.140000000000000000e+02 6.700129519896910191e-01
8.150000000000000000e+02 6.631331474340069754e-01
8.160000000000000000e+02 6.163215547390620275e-01
8.170000000000000000e+02 6.290371980230039517e-01
8.180000000000000000e+02 6.059605742979849996e-01
8.190000000000000000e+02 6.650472045034839796e-01
8.200000000000000000e+02 6.329607602164980529e-01
8.210000000000000000e+02 7.268808394348500457e-01
8.220000000000000000e+02 6.896898050830250204e-01
8.230000000000000000e+02 4.882618847601600254e-01
8.240000000000000000e+02 6.734907651562910269e-01
8.250000000000000000e+02 6.906584405478960464e-01
8.260000000000000000e+02 6.560167142195310053e-01
8.270000000000000000e+02 6.862614879762229947e-01
8.280000000000000000e+02 5.893357294935569479e-01
8.290000000000000000e+02 6.312808974785349969e-01
8.300000000000000000e+02 6.165919628772720262e-01
8.310000000000000000e+02 6.160826379731639824e-01
8.320000000000000000e+02 5.870298737868330230e-01
8.330000000000000000e+02 6.179547450980720225e-01
8.340000000000000000e+02 6.009984064587019503e-01
8.350000000000000000e+02 6.416684354130050005e-01
8.360000000000000000e+02 6.171447747723619592e-01
8.370000000000000000e+02 6.380276750184740164e-01
8.380000000000000000e+02 6.297495712985290428e-01
8.390000000000000000e+02 6.276160074502119546e-01
8.400000000000000000e+02 6.341326469600060411e-01
8.410000000000000000e+02 6.291931068359909451e-01
8.420000000000000000e+02 6.194680415044819810e-01
8.430000000000000000e+02 6.220693660285260274e-01
8.440000000000000000e+02 6.094016008826269593e-01
8.450000000000000000e+02 6.269089062470499796e-01
8.460000000000000000e+02 6.258895536089910117e-01
8.470000000000000000e+02 6.082630382346140285e-01
8.480000000000000000e+02 6.076216243017179552e-01
8.490000000000000000e+02 6.006333383887439981e-01
8.500000000000000000e+02 5.447680758188190309e-01
8.510000000000000000e+02 5.929478943045960460e-01
8.520000000000000000e+02 5.881459380912299473e-01
8.530000000000000000e+02 5.840815104673140468e-01
8.540000000000000000e+02 5.144497822021070199e-01
8.550000000000000000e+02 5.509277308124279626e-01
8.560000000000000000e+02 5.841680104325409628e-01
8.570000000000000000e+02 5.946956540259510371e-01
8.580000000000000000e+02 5.943538728725450415e-01
8.590000000000000000e+02 5.911050300696130133e-01
8.600000000000000000e+02 5.880842128898340349e-01
8.610000000000000000e+02 5.863578360250220056e-01
8.620000000000000000e+02 5.886812495911439846e-01
8.630000000000000000e+02 5.908839622675330361e-01
8.640000000000000000e+02 5.769300139067390365e-01
8.650000000000000000e+02 5.646231154844519873e-01
8.660000000000000000e+02 4.950893037618500081e-01
8.670000000000000000e+02 5.326435926415119537e-01
8.680000000000000000e+02 5.568373912063060427e-01
8.690000000000000000e+02 5.499989952684279926e-01
8.700000000000000000e+02 5.591624513855000256e-01
8.710000000000000000e+02 5.468628195789300150e-01
8.720000000000000000e+02 5.526768202808449715e-01
8.730000000000000000e+02 5.455531459814639827e-01
8.740000000000000000e+02 5.325217434388980209e-01
8.750000000000000000e+02 5.225949413677229982e-01
8.760000000000000000e+02 5.348835597316079493e-01
8.770000000000000000e+02 5.333068821234090429e-01
8.780000000000000000e+02 5.289193454976589548e-01
8.790000000000000000e+02 5.178921499096309500e-01
8.800000000000000000e+02 5.147489551197279578e-01
8.810000000000000000e+02 4.956682795200130220e-01
8.820000000000000000e+02 5.064785300060490325e-01
8.830000000000000000e+02 5.007816312825099647e-01
8.840000000000000000e+02 5.003566815778129895e-01
8.850000000000000000e+02 5.038722592539740530e-01
8.860000000000000000e+02 4.823037616273129768e-01
8.870000000000000000e+02 4.818336082102939733e-01
8.880000000000000000e+02 4.835802510170080226e-01
8.890000000000000000e+02 4.879067809713280024e-01
8.900000000000000000e+02 4.804383685489129752e-01
8.910000000000000000e+02 4.770127014157249934e-01
8.920000000000000000e+02 4.663535363159870273e-01
8.930000000000000000e+02 4.464055194208479960e-01
8.940000000000000000e+02 4.336020490594459931e-01
8.950000000000000000e+02 4.129718035098879914e-01
8.960000000000000000e+02 3.839415841096129878e-01
8.970000000000000000e+02 3.342860352849770234e-01
8.980000000000000000e+02 3.586691589572960082e-01
8.990000000000000000e+02 2.724348034894150117e-01
9.000000000000000000e+02 3.657718362045799809e-01
9.010000000000000000e+02 2.944400640179170026e-01
9.020000000000000000e+02 3.242684265290989853e-01
9.030000000000000000e+02 3.327118220858060194e-01
9.040000000000000000e+02 4.046589374333640077e-01
9.050000000000000000e+02 3.898230201579520049e-01
9.060000000000000000e+02 3.684626098525859983e-01
9.070000000000000000e+02 3.001170127796249920e-01
9.080000000000000000e+02 3.043366983309390150e-01
9.090000000000000000e+02 3.261135429572650235e-01
9.100000000000000000e+02 2.875372508399219873e-01
9.110000000000000000e+02 3.050149620283230112e-01
9.120000000000000000e+02 3.090751156618590234e-01
9.130000000000000000e+02 2.793716700564010114e-01
9.140000000000000000e+02 2.757586478295729893e-01
9.150000000000000000e+02 2.949223468376139801e-01
9.160000000000000000e+02 2.481865781082059907e-01
9.170000000000000000e+02 3.045108309574010019e-01
9.180000000000000000e+02 2.437758360473369912e-01
9.190000000000000000e+02 2.982918032488879878e-01
9.200000000000000000e+02 2.946131944436909955e-01
9.210000000000000000e+02 3.027899489020550172e-01
9.220000000000000000e+02 2.595934768339709930e-01
9.230000000000000000e+02 2.683780755267660134e-01
9.240000000000000000e+02 2.531150149358770141e-01
9.250000000000000000e+02 2.421445679838430121e-01
9.260000000000000000e+02 2.323219441128049900e-01
9.270000000000000000e+02 2.508137852309719751e-01
9.280000000000000000e+02 1.818889968493840048e-01
9.290000000000000000e+02 1.568689573371709889e-01
9.300000000000000000e+02 1.179932101570339981e-01
9.310000000000000000e+02 1.070559672344249952e-01
9.320000000000000000e+02 7.527184487711169325e-02
9.330000000000000000e+02 5.938367218635950268e-02
9.340000000000000000e+02 3.290283947042099699e-02
9.350000000000000000e+02 5.474456591982129749e-02
9.360000000000000000e+02 3.216595931632079686e-02
9.370000000000000000e+02 3.049898036032730117e-02
9.380000000000000000e+02 3.505793818191350192e-02
9.390000000000000000e+02 6.512345349255520277e-02
9.400000000000000000e+02 7.209338406181599324e-02
9.410000000000000000e+02 4.924853747013910321e-02
9.420000000000000000e+02 4.994493819841520216e-02
9.430000000000000000e+02 3.201599730727820031e-02
9.440000000000000000e+02 3.001164165537740028e-02
9.450000000000000000e+02 3.526708757787320320e-02
9.460000000000000000e+02 1.707712363030039829e-02
9.470000000000000000e+02 2.966769750917469875e-02
9.480000000000000000e+02 1.954105587918150005e-02
9.490000000000000000e+02 3.121904844310120081e-02
9.500000000000000000e+02 7.109162188455859892e-03
9.510000000000000000e+02 2.002058664970090066e-02
9.520000000000000000e+02 9.625854711768220412e-03
9.530000000000000000e+02 1.031969259828579948e-02
9.540000000000000000e+02 1.068439752539420036e-02
9.550000000000000000e+02 7.376842941871899692e-03
9.560000000000000000e+02 6.087048132436479603e-03
9.570000000000000000e+02 4.425909615532620106e-03
9.580000000000000000e+02 6.618342673701270266e-03
9.590000000000000000e+02 4.862331575012390252e-03
9.600000000000000000e+02 4.945204778975589681e-03
9.610000000000000000e+02 4.652567203653500127e-03
9.620000000000000000e+02 4.251396595154000035e-03
9.630000000000000000e+02 4.630397319292389909e-03
9.640000000000000000e+02 4.066051325272180064e-03
9.650000000000000000e+02 4.313164939749469622e-03
9.660000000000000000e+02 4.187491937869309774e-03
9.670000000000000000e+02 4.071311846760680003e-03
9.680000000000000000e+02 5.194426630742679692e-03
9.690000000000000000e+02 5.384907812734300407e-03
9.700000000000000000e+02 4.913138001341740141e-03
9.710000000000000000e+02 5.440429020941280058e-03
9.720000000000000000e+02 5.168194077435120035e-03
9.730000000000000000e+02 4.499230601531040152e-03
9.740000000000000000e+02 4.181718735070109882e-03
9.750000000000000000e+02 4.280956868931079691e-03
9.760000000000000000e+02 4.146671463408379589e-03
9.770000000000000000e+02 4.647891501051350065e-03
9.780000000000000000e+02 4.501516273563360010e-03
9.790000000000000000e+02 4.751859561865020426e-03
9.800000000000000000e+02 4.586974869827029587e-03
9.810000000000000000e+02 5.498459760916519709e-03
9.820000000000000000e+02 5.433428659602760127e-03
9.830000000000000000e+02 5.378554738069339820e-03
9.840000000000000000e+02 6.067554789861659761e-03
9.850000000000000000e+02 5.842954981138070124e-03
9.860000000000000000e+02 6.564059865228079847e-03
9.870000000000000000e+02 6.705603764982710074e-03
9.880000000000000000e+02 6.912050272452200002e-03
9.890000000000000000e+02 7.306435294974909962e-03
9.900000000000000000e+02 7.410542457005549720e-03
9.910000000000000000e+02 8.006911344636630234e-03
9.920000000000000000e+02 8.380208071099390366e-03
9.930000000000000000e+02 8.531418853114999465e-03
9.940000000000000000e+02 9.044515746161649328e-03
9.950000000000000000e+02 9.465169547706750452e-03
9.960000000000000000e+02 9.898826243967269456e-03
9.970000000000000000e+02 1.026313039062179931e-02
9.980000000000000000e+02 1.076003090449360010e-02
9.990000000000000000e+02 1.128657711642479938e-02
1.000000000000000000e+03 1.179284857144360064e-02
1.001000000000000000e+03 1.260370769383310080e-02
1.002000000000000000e+03 1.301808625241810020e-02
1.003000000000000000e+03 1.377206407911439959e-02
1.004000000000000000e+03 1.423033549848719964e-02
1.005000000000000000e+03 1.415295289192199969e-02
1.006000000000000000e+03 1.561229834306659958e-02
1.007000000000000000e+03 1.692494461382509918e-02
1.008000000000000000e+03 1.795377234890729867e-02
1.009000000000000000e+03 1.887100212211869840e-02
1.010000000000000000e+03 2.001590915191690107e-02
1.011000000000000000e+03 2.134628400444309876e-02
1.012000000000000000e+03 2.252945827310930127e-02
1.013000000000000000e+03 2.371510001158729994e-02
1.014000000000000000e+03 2.511223059234509933e-02
1.015000000000000000e+03 2.601426811293849894e-02
1.016000000000000000e+03 2.754578251864620020e-02
1.017000000000000000e+03 2.871068382457130086e-02
1.018000000000000000e+03 3.072741956280779924e-02
1.019000000000000000e+03 3.161746009966370091e-02
1.020000000000000000e+03 3.422674859093800120e-02
1.021000000000000000e+03 3.642643452905949819e-02
1.022000000000000000e+03 3.795209183862800068e-02
1.023000000000000000e+03 4.053385505581839909e-02
1.024000000000000000e+03 4.268323743225910238e-02
1.025000000000000000e+03 4.539445191063919832e-02
1.026000000000000000e+03 4.772626207061939768e-02
1.027000000000000000e+03 5.031749059118029860e-02
1.028000000000000000e+03 5.336402180631050207e-02
1.029000000000000000e+03 5.589865655993989796e-02
1.030000000000000000e+03 5.956789454460249822e-02
1.031000000000000000e+03 6.114849585087619999e-02
1.032000000000000000e+03 6.310644120663430612e-02
1.033000000000000000e+03 6.396908777652170197e-02
1.034000000000000000e+03 6.770810700633900225e-02
1.035000000000000000e+03 7.147094092948580446e-02
1.036000000000000000e+03 7.469680787047740245e-02
1.037000000000000000e+03 7.729848424575040677e-02
1.038000000000000000e+03 8.042005804193540219e-02
1.039000000000000000e+03 8.465292235777879815e-02
1.040000000000000000e+03 8.734427844848979827e-02
1.041000000000000000e+03 9.075991009072040261e-02
1.042000000000000000e+03 9.431578690970439383e-02
1.043000000000000000e+03 9.699118884357940673e-02
1.044000000000000000e+03 9.999358957420159677e-02
1.045000000000000000e+03 1.020307844973940004e-01
1.046000000000000000e+03 1.019708337600809950e-01
1.047000000000000000e+03 1.074986728567880051e-01
1.048000000000000000e+03 1.126184103373649992e-01
1.049000000000000000e+03 1.148832679010760027e-01
1.050000000000000000e+03 1.170932726565479948e-01
1.051000000000000000e+03 1.202311561145960050e-01
1.052000000000000000e+03 1.225857595922490023e-01
1.053000000000000000e+03 1.253578643581070018e-01
1.054000000000000000e+03 1.280467629799199869e-01
1.055000000000000000e+03 1.301817635386069982e-01
1.056000000000000000e+03 1.315302491792189887e-01
1.057000000000000000e+03 1.329831539065239876e-01
1.058000000000000000e+03 1.333837080283249987e-01
1.059000000000000000e+03 1.310603763921779907e-01
1.060000000000000000e+03 1.373003116122850087e-01
1.061000000000000000e+03 1.367456457648419943e-01
1.062000000000000000e+03 1.402981365740300079e-01
1.063000000000000000e+03 1.390372687096849968e-01
1.064000000000000000e+03 1.419292775418979913e-01
1.065000000000000000e+03 1.420575695941710126e-01
1.066000000000000000e+03 1.400937209170839970e-01
1.067000000000000000e+03 1.418515360155619964e-01
1.068000000000000000e+03 1.426942228391279988e-01
1.069000000000000000e+03 1.352385118800830122e-01
1.070000000000000000e+03 1.396926010900479964e-01
1.071000000000000000e+03 1.426307507249310047e-01
1.072000000000000000e+03 1.425487456997280022e-01
1.073000000000000000e+03 1.400184214453399911e-01
1.074000000000000000e+03 1.435203380867779988e-01
1.075000000000000000e+03 1.362444371998239867e-01
1.076000000000000000e+03 1.398612958877200052e-01
1.077000000000000000e+03 1.361206783244280072e-01
1.078000000000000000e+03 1.355389165456070133e-01
1.079000000000000000e+03 1.355111332667190138e-01
1.080000000000000000e+03 1.335334432631140045e-01
1.081000000000000000e+03 1.278083975866320110e-01
1.082000000000000000e+03 1.275993113956400138e-01
1.083000000000000000e+03 1.267025331390589926e-01
1.084000000000000000e+03 1.199636737826419997e-01
1.085000000000000000e+03 1.212914835192920038e-01
1.086000000000000000e+03 1.117940943386999952e-01
1.087000000000000000e+03 1.127348640463699952e-01
1.088000000000000000e+03 1.154049267863470063e-01
1.089000000000000000e+03 1.103135386906770044e-01
1.090000000000000000e+03 1.030351595870240000e-01
1.091000000000000000e+03 1.060955533781000049e-01
1.092000000000000000e+03 1.029806004035959954e-01
1.093000000000000000e+03 8.899285492037460610e-02
1.094000000000000000e+03 9.231908606454629351e-02
1.095000000000000000e+03 8.626649195471600140e-02
1.096000000000000000e+03 8.071998376969309608e-02
1.097000000000000000e+03 8.867930288160000285e-02
1.098000000000000000e+03 7.386249229349299561e-02
1.099000000000000000e+03 7.300305755346489511e-02
1.100000000000000000e+03 6.843698071378709336e-02
1.101000000000000000e+03 6.854030662834649512e-02
1.102000000000000000e+03 6.226138276769099811e-02
1.103000000000000000e+03 5.963344587870490071e-02
1.104000000000000000e+03 5.833748161844769936e-02
1.105000000000000000e+03 6.159553317465699812e-02
1.106000000000000000e+03 4.730906078918790253e-02
1.107000000000000000e+03 5.490334056461620288e-02
1.108000000000000000e+03 4.529044359476200321e-02
1.109000000000000000e+03 4.373189619283290169e-02
1.110000000000000000e+03 4.928219385184549883e-02
1.111000000000000000e+03 3.324803756771389784e-02
1.112000000000000000e+03 3.966910524973080165e-02
1.113000000000000000e+03 2.472953754549149855e-02
1.114000000000000000e+03 2.745639100503230109e-02
1.115000000000000000e+03 2.277559575855169979e-02
1.116000000000000000e+03 1.827095374401169897e-02
1.117000000000000000e+03 6.896274860188900124e-03
1.118000000000000000e+03 1.791122568501470058e-02
1.119000000000000000e+03 8.944961834356369990e-03
1.120000000000000000e+03 1.074263271282700077e-02
1.121000000000000000e+03 1.347518180489759923e-02
1.122000000000000000e+03 5.529116333477850087e-03
1.123000000000000000e+03 8.079654485911809403e-03
1.124000000000000000e+03 6.474204412132259640e-03
1.125000000000000000e+03 8.112738451293120476e-03
1.126000000000000000e+03 2.743564464874640070e-03
1.127000000000000000e+03 7.283316743606590114e-03
1.128000000000000000e+03 4.012764628294530379e-03
1.129000000000000000e+03 3.786286982128540205e-03
1.130000000000000000e+03 2.232318573129269800e-03
1.131000000000000000e+03 8.237464014342960744e-03
1.132000000000000000e+03 5.076306943373769774e-03
1.133000000000000000e+03 2.587173585106059860e-03
1.134000000000000000e+03 5.634703428519010010e-04
1.135000000000000000e+03 1.667345286613340085e-04
1.136000000000000000e+03 1.106740325353190073e-03
1.137000000000000000e+03 1.853302279550589956e-03
1.138000000000000000e+03 9.842491141450518920e-04
1.139000000000000000e+03 1.083674541116049937e-03
1.140000000000000000e+03 5.788699731763680264e-04
1.141000000000000000e+03 2.724306430578590159e-04
1.142000000000000000e+03 2.256652098931079958e-04
1.143000000000000000e+03 2.228491403925009901e-04
1.144000000000000000e+03 5.788336759705009748e-05
1.145000000000000000e+03 4.388277810445099971e-05
1.146000000000000000e+03 2.785886545902390110e-05
1.147000000000000000e+03 7.769808317705939406e-06
1.148000000000000000e+03 2.631457016071559946e-05
1.149000000000000000e+03 1.574735490127520098e-05
1.150000000000000000e+03 6.474544105979259682e-06
1.151000000000000000e+03 7.974734355480640657e-06
1.152000000000000000e+03 7.155274599359360287e-06
1.153000000000000000e+03 5.119300716094510141e-06
1.154000000000000000e+03 2.282489975441639923e-06
1.155000000000000000e+03 4.369677386521989755e-06
1.156000000000000000e+03 3.425343999086380096e-06
1.157000000000000000e+03 3.348927679326989826e-06
1.158000000000000000e+03 3.007517177296589808e-06
1.159000000000000000e+03 2.944484508386039985e-06
1.160000000000000000e+03 2.270736959835069927e-06
1.161000000000000000e+03 2.494518632374180020e-06
1.162000000000000000e+03 2.278176833981749920e-06
1.163000000000000000e+03 2.966660645426230130e-06
1.164000000000000000e+03 2.482481740916810030e-06
1.165000000000000000e+03 2.340367837840120074e-06
1.166000000000000000e+03 2.201276453488320026e-06
1.167000000000000000e+03 2.344942093593370192e-06
1.168000000000000000e+03 2.339014589016380190e-06
1.169000000000000000e+03 2.298964641776950170e-06
1.170000000000000000e+03 2.429027418826899918e-06
1.171000000000000000e+03 2.314791381185569908e-06
1.172000000000000000e+03 2.131718218367199874e-06
1.173000000000000000e+03 1.941841848952430061e-06
1.174000000000000000e+03 1.451497926930569972e-06
1.175000000000000000e+03 1.965645531011940164e-06
1.176000000000000000e+03 2.092474179627880021e-06
1.177000000000000000e+03 2.022318628695549911e-06
1.178000000000000000e+03 1.505886770386329957e-06
1.179000000000000000e+03 1.969140126613690190e-06
1.180000000000000000e+03 1.751391566884139956e-06
1.181000000000000000e+03 1.763880644222920063e-06
1.182000000000000000e+03 1.224342100052259932e-06
1.183000000000000000e+03 1.589069859339579948e-06
1.184000000000000000e+03 1.458447736938619900e-06
1.185000000000000000e+03 1.381104567602139995e-06
1.186000000000000000e+03 1.576259902770630016e-06
1.187000000000000000e+03 1.469369459307040051e-06
1.188000000000000000e+03 1.056066280954400102e-06
1.189000000000000000e+03 1.276289433359300004e-06
1.190000000000000000e+03 1.384548680504980102e-06
1.191000000000000000e+03 1.305552400246460076e-06
1.192000000000000000e+03 1.349650486424220075e-06
1.193000000000000000e+03 1.264489305783769945e-06
1.194000000000000000e+03 1.273345254589249898e-06
1.195000000000000000e+03 1.184933400901980089e-06
1.196000000000000000e+03 1.116219270687940067e-06
1.197000000000000000e+03 1.247073070312589914e-06
1.198000000000000000e+03 1.146937953025980100e-06
1.199000000000000000e+03 9.757767624840230282e-07
1.200000000000000000e+03 1.275223467889570078e-06
1.201000000000000000e+03 1.324639672642450042e-06
1.202000000000000000e+03 1.293121174546330002e-06
1.203000000000000000e+03 1.252979649352490099e-06
1.204000000000000000e+03 1.022380556605359974e-06
1.205000000000000000e+03 1.287974087634969898e-06
1.206000000000000000e+03 1.481925043684200022e-06
1.207000000000000000e+03 1.387335545677850100e-06
1.208000000000000000e+03 1.413295028507929924e-06
1.209000000000000000e+03 1.364892261217820065e-06
1.210000000000000000e+03 1.508869344248389911e-06
1.211000000000000000e+03 1.470623598021900035e-06
1.212000000000000000e+03 1.547800997251539926e-06
1.213000000000000000e+03 1.787732028160140028e-06
1.214000000000000000e+03 1.670616457367420048e-06
1.215000000000000000e+03 1.663673883059470049e-06
1.216000000000000000e+03 1.831273795612940002e-06
1.217000000000000000e+03 1.934771017163940146e-06
1.218000000000000000e+03 2.112149115637399959e-06
1.219000000000000000e+03 2.222826755954700034e-06
1.220000000000000000e+03 2.302190027448980073e-06
1.221000000000000000e+03 2.361859560229750110e-06
1.222000000000000000e+03 2.314747377409170130e-06
1.223000000000000000e+03 2.380043427139290081e-06
1.224000000000000000e+03 2.510113726350049850e-06
1.225000000000000000e+03 2.706237862408080084e-06
1.226000000000000000e+03 2.767186363711639952e-06
1.227000000000000000e+03 2.585807751390249823e-06
1.228000000000000000e+03 2.812230207446670053e-06
1.229000000000000000e+03 2.942227420294910099e-06
1.230000000000000000e+03 3.026960463339369924e-06
1.231000000000000000e+03 3.244335794365620119e-06
1.232000000000000000e+03 3.347959986699729973e-06
1.233000000000000000e+03 3.405373639263620183e-06
1.234000000000000000e+03 3.682759195297029912e-06
1.235000000000000000e+03 3.804378056092169856e-06
1.236000000000000000e+03 4.007376941679970153e-06
1.237000000000000000e+03 4.134759284277129591e-06
1.238000000000000000e+03 4.214578710496680125e-06
1.239000000000000000e+03 4.206535575489969876e-06
1.240000000000000000e+03 4.228426654806729801e-06
1.241000000000000000e+03 4.426120773742090365e-06
1.242000000000000000e+03 4.625694869357040002e-06
1.243000000000000000e+03 4.777861377996749834e-06
1.244000000000000000e+03 4.962427259980799789e-06
1.245000000000000000e+03 5.194006244846670358e-06
1.246000000000000000e+03 5.455859938448270038e-06
1.247000000000000000e+03 5.621447340290890034e-06
1.248000000000000000e+03 5.831873212607459671e-06
1.249000000000000000e+03 6.048621107582549881e-06
1.250000000000000000e+03 6.223810092696310422e-06
1.251000000000000000e+03 6.429941621769260229e-06
1.252000000000000000e+03 6.684128956551569740e-06
1.253000000000000000e+03 6.924172605364630071e-06
1.254000000000000000e+03 6.922101128687800111e-06
1.255000000000000000e+03 7.093802919788169936e-06
1.256000000000000000e+03 6.991625643804829594e-06
1.257000000000000000e+03 6.974947260891960248e-06
1.258000000000000000e+03 7.191526022932990107e-06
1.259000000000000000e+03 6.968066148619119948e-06
1.260000000000000000e+03 7.331409447930719678e-06
1.261000000000000000e+03 7.299456378334080065e-06
1.262000000000000000e+03 7.320952133326440338e-06
1.263000000000000000e+03 7.468470816105900038e-06
1.264000000000000000e+03 6.995497509650149824e-06
1.265000000000000000e+03 7.512633121223110224e-06
1.266000000000000000e+03 7.378935487073770077e-06
1.267000000000000000e+03 7.498262858914629996e-06
1.268000000000000000e+03 7.219791649095040047e-06
1.269000000000000000e+03 4.855670292528619885e-06
1.270000000000000000e+03 7.428719800995879883e-06
1.271000000000000000e+03 7.635388585987659240e-06
1.272000000000000000e+03 7.460935668978190288e-06
1.273000000000000000e+03 7.003028408885040418e-06
1.274000000000000000e+03 6.612105115836520210e-06
1.275000000000000000e+03 6.339571338562330184e-06
1.276000000000000000e+03 6.257378795980909742e-06
1.277000000000000000e+03 6.153453457002749973e-06
1.278000000000000000e+03 6.115041505286359819e-06
1.279000000000000000e+03 5.690445997228800184e-06
1.280000000000000000e+03 5.301757254098099915e-06
1.281000000000000000e+03 4.866364742337829678e-06
1.282000000000000000e+03 4.115831975792090255e-06
1.283000000000000000e+03 4.111896769082750036e-06
1.284000000000000000e+03 3.886468148275289994e-06
1.285000000000000000e+03 3.583004791458999906e-06
1.286000000000000000e+03 3.412979714568949993e-06
1.287000000000000000e+03 3.189743730579789981e-06
1.288000000000000000e+03 3.000108164411299981e-06
1.289000000000000000e+03 2.678820393190780035e-06
1.290000000000000000e+03 2.473373110669519806e-06
1.291000000000000000e+03 2.292349607630190091e-06
1.292000000000000000e+03 1.990994909688620140e-06
1.293000000000000000e+03 1.838462450840090036e-06
1.294000000000000000e+03 1.597685207596780013e-06
1.295000000000000000e+03 1.420396973673939983e-06
1.296000000000000000e+03 1.173933415365100083e-06
1.297000000000000000e+03 9.616850248016130615e-07
1.298000000000000000e+03 8.716658260304069697e-07
1.299000000000000000e+03 7.940198148950859990e-07
1.300000000000000000e+03 6.003857407513559669e-07
1.301000000000000000e+03 5.381955279333020506e-07
1.302000000000000000e+03 5.083885632608939730e-07
1.303000000000000000e+03 3.628520448933789900e-07
1.304000000000000000e+03 2.544949470229170023e-07
1.305000000000000000e+03 2.618865599938379807e-07
1.306000000000000000e+03 2.052932293274879986e-07
1.307000000000000000e+03 1.279744078949930106e-07
1.308000000000000000e+03 1.134794903257729981e-07
1.309000000000000000e+03 9.995810453912459347e-08
1.310000000000000000e+03 6.246922430692829815e-08
1.311000000000000000e+03 5.506787324806099994e-08
1.312000000000000000e+03 4.380088216911710109e-08
1.313000000000000000e+03 3.032559192709820226e-08
1.314000000000000000e+03 2.054012564303250068e-08
1.315000000000000000e+03 1.498489244637560009e-08
1.316000000000000000e+03 1.262219016539299975e-08
1.317000000000000000e+03 9.034396852441380540e-09
1.318000000000000000e+03 7.164630062231079985e-09
1.319000000000000000e+03 4.295020872717999967e-09
1.320000000000000000e+03 2.778820689096019905e-09
1.321000000000000000e+03 2.152403504853749848e-09
1.322000000000000000e+03 1.462246965412870055e-09
1.323000000000000000e+03 8.019964596117110498e-10
1.324000000000000000e+03 6.427586649818909585e-10
1.325000000000000000e+03 5.605229752169649884e-10
1.326000000000000000e+03 3.472193931331029985e-10
1.327000000000000000e+03 1.959108691439449906e-10
1.328000000000000000e+03 1.026051063304460020e-10
1.329000000000000000e+03 4.622052388888309815e-11
1.330000000000000000e+03 4.060116377752349984e-11
1.331000000000000000e+03 1.749328547616439877e-11
1.332000000000000000e+03 1.199483436681419985e-11
1.333000000000000000e+03 1.136718196985780059e-11
1.334000000000000000e+03 5.154527198951209955e-12
1.335000000000000000e+03 3.823768950996010046e-12
1.336000000000000000e+03 1.651376555687929975e-12
1.337000000000000000e+03 9.900340972980950228e-13
1.338000000000000000e+03 7.158335657517400124e-13
1.339000000000000000e+03 4.750838656918029540e-13
1.340000000000000000e+03 3.022591064996979838e-13
1.341000000000000000e+03 1.911288694609800055e-13
1.342000000000000000e+03 1.246701029076130040e-13
1.343000000000000000e+03 5.565734585705590268e-14
1.344000000000000000e+03 2.070394976879360128e-14
1.345000000000000000e+03 1.490598487969780000e-14
1.346000000000000000e+03 3.977910127205079974e-15
1.347000000000000000e+03 2.053833556784460005e-15
1.348000000000000000e+03 1.145179316446979878e-16
1.349000000000000000e+03 2.748618311771599949e-16
1.350000000000000000e+03 1.922460475639800112e-16
1.351000000000000000e+03 3.921539664890579845e-17
1.352000000000000000e+03 8.682103132561910113e-18
1.353000000000000000e+03 3.702852959641349908e-19
1.354000000000000000e+03 7.542476556608990431e-19
1.355000000000000000e+03 6.322080532744719720e-21
1.356000000000000000e+03 4.963330699580080204e-20
1.357000000000000000e+03 4.362066659733299884e-20
1.358000000000000000e+03 1.500162469611850084e-21
1.359000000000000000e+03 1.699666236983579888e-22
1.360000000000000000e+03 3.205810383747159884e-22
1.361000000000000000e+03 4.665427901407480103e-25
1.362000000000000000e+03 1.133883545849389923e-27
1.363000000000000000e+03 1.119006451469179916e-22
1.364000000000000000e+03 2.723010981436980048e-23
1.365000000000000000e+03 1.027877687733680069e-28
1.366000000000000000e+03 8.187086283690919610e-23
1.367000000000000000e+03 1.309302281969300073e-23
1.368000000000000000e+03 1.599245123168250000e-31
1.369000000000000000e+03 2.297127831196450023e-25
1.370000000000000000e+03 4.567912617211609856e-26
1.371000000000000000e+03 1.085968660755500010e-27
1.372000000000000000e+03 5.325077527924320309e-26
1.373000000000000000e+03 3.025201068949540077e-25
1.374000000000000000e+03 3.139808674179509989e-25
1.375000000000000000e+03 1.457135403579720093e-25
1.376000000000000000e+03 2.984469150118560070e-26
1.377000000000000000e+03 3.657723111615599899e-27
1.378000000000000000e+03 4.413711212446420181e-27
1.379000000000000000e+03 2.793383896614580223e-29
1.380000000000000000e+03 5.855296221139040228e-30
1.381000000000000000e+03 2.281069840681699991e-32
1.382000000000000000e+03 1.179228603757699940e-33
1.383000000000000000e+03 9.656683007311640212e-37
1.384000000000000000e+03 6.463605629881310311e-37
1.385000000000000000e+03 1.045833804676130073e-37
1.386000000000000000e+03 6.559406450791279651e-40
1.387000000000000000e+03 2.690592408755009989e-40
1.388000000000000000e+03 2.830429183516739968e-44
1.389000000000000000e+03 1.542366445382360049e-44
1.390000000000000000e+03 4.944829077949960258e-47
1.391000000000000000e+03 1.301479803960999991e-49
1.392000000000000000e+03 3.399150976790159876e-53
1.393000000000000000e+03 1.066903515630150082e-55
1.394000000000000000e+03 4.480944634801590262e-59
1.395000000000000000e+03 2.566268637333990008e-64
1.396000000000000000e+03 1.556765139282429943e-69
1.397000000000000000e+03 6.485498317427670268e-69
1.398000000000000000e+03 8.994834723582939290e-71
1.399000000000000000e+03 3.094599443606920148e-74
1.400000000000000000e+03 6.640066295317549938e-83
1.401000000000000000e+03 2.360776995369549978e-85
1.402000000000000000e+03 4.508483317994140210e-83
1.403000000000000000e+03 6.414847613304630177e-86
1.404000000000000000e+03 2.184693076200360044e-89
1.405000000000000000e+03 1.535196917316530154e-95
1.406000000000000000e+03 1.229586705578080115e-94
1.407000000000000000e+03 1.492584791462769972e-98
1.408000000000000000e+03 2.006290811095169901e-100
1.409000000000000000e+03 2.174041049595710008e-103
1.410000000000000000e+03 4.721339620679379903e-106
1.411000000000000000e+03 6.153290980814970002e-108
1.412000000000000000e+03 2.223207225020099944e-110
1.413000000000000000e+03 2.763151406069279831e-111
1.414000000000000000e+03 6.061687254550639996e-115
1.415000000000000000e+03 4.308761414933570243e-117
1.416000000000000000e+03 1.174124134588540061e-116
1.417000000000000000e+03 1.356668649213390066e-118
1.418000000000000000e+03 5.465504375823019917e-120
1.419000000000000000e+03 3.027947908834470147e-122
1.420000000000000000e+03 4.069541104971270280e-123
1.421000000000000000e+03 1.287726156626419907e-124
1.422000000000000000e+03 1.857837507095740074e-125
1.423000000000000000e+03 1.056941867068230086e-127
1.424000000000000000e+03 5.554719768929410316e-129
1.425000000000000000e+03 4.766760879849709738e-130
1.426000000000000000e+03 2.888332261839010086e-131
1.427000000000000000e+03 2.901422092202459876e-132
1.428000000000000000e+03 1.506850270441590102e-134
1.429000000000000000e+03 1.729032991991739879e-134
1.430000000000000000e+03 3.857003980749109921e-135
1.431000000000000000e+03 4.326267850440350072e-136
1.432000000000000000e+03 2.992130210605860085e-138
1.433000000000000000e+03 6.481399212329339738e-138
1.434000000000000000e+03 5.770977910452269648e-139
1.435000000000000000e+03 8.976927624616399668e-140
1.436000000000000000e+03 2.446144308095520151e-140
1.437000000000000000e+03 2.901150277276580005e-141
1.438000000000000000e+03 6.718736600829890699e-142
1.439000000000000000e+03 1.348933071122440080e-141
1.440000000000000000e+03 5.463305591110870297e-142
1.441000000000000000e+03 2.297900718128590019e-142
1.442000000000000000e+03 1.374490564527839911e-142
1.443000000000000000e+03 8.930922869026719385e-143
1.444000000000000000e+03 6.411967696293869676e-143
1.445000000000000000e+03 2.704217186973719898e-143
1.446000000000000000e+03 8.202006981232229896e-144
1.447000000000000000e+03 8.398786987151460286e-144
1.448000000000000000e+03 1.750833102403039928e-143
1.449000000000000000e+03 1.009710116620209998e-143
1.450000000000000000e+03 2.204827286177060087e-144
1.451000000000000000e+03 7.368643566044980027e-145
1.452000000000000000e+03 3.311607580146240042e-144
1.453000000000000000e+03 3.536974202605590039e-144
1.454000000000000000e+03 7.428791312435499810e-144
1.455000000000000000e+03 4.477017162435230070e-144
1.456000000000000000e+03 7.499708439164220514e-144
1.457000000000000000e+03 1.241118069971650044e-143
1.458000000000000000e+03 2.551695419934870216e-143
1.459000000000000000e+03 5.377504012731960221e-143
1.460000000000000000e+03 4.972901547627179553e-143
1.461000000000000000e+03 9.269422238977029573e-143
1.462000000000000000e+03 2.363786389226109985e-142
1.463000000000000000e+03 6.722402922324279966e-142
1.464000000000000000e+03 2.023615837334300005e-140
1.465000000000000000e+03 1.068974901544170036e-139
1.466000000000000000e+03 6.408226484014999668e-139
1.467000000000000000e+03 3.723775304563079873e-138
1.468000000000000000e+03 8.342615744105230298e-137
1.469000000000000000e+03 1.079885149356500003e-135
1.470000000000000000e+03 5.945306524931719489e-135
1.471000000000000000e+03 2.215271591351509971e-134
1.472000000000000000e+03 6.020117000926540110e-133
1.473000000000000000e+03 9.366772889821500448e-132
1.474000000000000000e+03 1.346461060397599933e-130
1.475000000000000000e+03 4.727174853863480282e-129
1.476000000000000000e+03 3.268646480146319890e-128
1.477000000000000000e+03 6.141481951802450269e-127
1.478000000000000000e+03 1.036077583771909966e-125
1.479000000000000000e+03 3.627048828355190177e-124
1.480000000000000000e+03 2.375056046183540122e-123
1.481000000000000000e+03 5.843618329602049467e-122
1.482000000000000000e+03 3.842079616452269942e-121
1.483000000000000000e+03 1.262344963153610031e-119
1.484000000000000000e+03 1.512702944481520093e-118
1.485000000000000000e+03 2.566069239514320114e-117
1.486000000000000000e+03 4.721817059046310065e-116
1.487000000000000000e+03 4.328865920675919925e-115
1.488000000000000000e+03 1.252995649236720047e-113
1.489000000000000000e+03 1.637196014103150002e-111
1.490000000000000000e+03 9.794701124949009805e-110
1.491000000000000000e+03 7.194021355395509723e-108
1.492000000000000000e+03 3.884767010968640029e-106
1.493000000000000000e+03 4.468277633068279805e-105
1.494000000000000000e+03 5.219754378536099870e-104
1.495000000000000000e+03 4.874590878148629682e-103
1.496000000000000000e+03 4.688719800521579989e-102
1.497000000000000000e+03 6.617094664209589723e-101
1.498000000000000000e+03 1.478485917650680023e-99
1.499000000000000000e+03 4.560641121398260213e-98
1.500000000000000000e+03 1.412461240801369927e-96
1.501000000000000000e+03 4.024981129220709686e-95
1.502000000000000000e+03 3.578746880661699771e-94
1.503000000000000000e+03 2.864301321731820089e-93
1.504000000000000000e+03 2.509831061957399982e-92
1.505000000000000000e+03 2.909955093219619783e-91
1.506000000000000000e+03 4.114113863470650087e-90
1.507000000000000000e+03 8.585219919560380086e-89
1.508000000000000000e+03 1.723744262292859984e-87
1.509000000000000000e+03 2.796174286398799832e-86
1.510000000000000000e+03 8.520391199687579617e-85
1.511000000000000000e+03 8.181402959008129662e-84
1.512000000000000000e+03 7.903388866539930278e-83
1.513000000000000000e+03 7.211496224156139561e-82
1.514000000000000000e+03 6.590122314467419937e-81
1.515000000000000000e+03 7.607668655705960327e-80
1.516000000000000000e+03 9.909688175956589552e-79
1.517000000000000000e+03 1.296356909097979921e-77
1.518000000000000000e+03 1.766753035469720058e-76
1.519000000000000000e+03 2.307883922554480176e-75
1.520000000000000000e+03 1.713463314402200014e-74
1.521000000000000000e+03 1.222257191043870055e-73
1.522000000000000000e+03 8.043753248135329416e-73
1.523000000000000000e+03 5.858205464585000114e-72
1.524000000000000000e+03 3.952997585227149920e-71
1.525000000000000000e+03 1.537605792954750108e-70
1.526000000000000000e+03 6.574035364841660369e-70
1.527000000000000000e+03 2.666865980099199952e-69
1.528000000000000000e+03 1.175144765012140043e-68
1.529000000000000000e+03 4.743761072551639757e-68
1.530000000000000000e+03 3.106964022979059994e-67
1.531000000000000000e+03 2.295740300188580033e-66
1.532000000000000000e+03 1.656366133886630050e-65
1.533000000000000000e+03 1.152796781086229919e-64
1.534000000000000000e+03 5.353495097106210275e-64
1.535000000000000000e+03 2.542459331160639886e-63
1.536000000000000000e+03 1.252110238508139895e-62
1.537000000000000000e+03 5.964710970905459574e-62
1.538000000000000000e+03 2.840291538893509885e-61
1.539000000000000000e+03 2.200918670869059894e-60
1.540000000000000000e+03 1.649440180702109932e-59
1.541000000000000000e+03 1.293697206563510004e-58
1.542000000000000000e+03 9.999147581299760257e-58
1.543000000000000000e+03 7.802235595664590060e-57
1.544000000000000000e+03 2.640764595338879778e-56
1.545000000000000000e+03 9.098529598644269269e-56
1.546000000000000000e+03 3.054227640449430062e-55
1.547000000000000000e+03 1.027083077732530061e-54
1.548000000000000000e+03 3.394952287561339720e-54
1.549000000000000000e+03 1.267931999941690073e-53
1.550000000000000000e+03 4.560448745592430030e-53
1.551000000000000000e+03 1.665919784062479955e-52
1.552000000000000000e+03 6.098218505941429636e-52
1.553000000000000000e+03 2.386392611300899882e-51
1.554000000000000000e+03 9.129186427104579896e-51
1.555000000000000000e+03 3.617804285843229777e-50
1.556000000000000000e+03 1.394592211353199928e-49
1.557000000000000000e+03 5.624074110671500203e-49
1.558000000000000000e+03 1.571777833688439893e-48
1.559000000000000000e+03 4.421095804803739790e-48
1.560000000000000000e+03 1.234289250898100086e-47
1.561000000000000000e+03 3.533696059095800046e-47
1.562000000000000000e+03 9.863796161072300862e-47
1.563000000000000000e+03 2.751216605321989955e-46
1.564000000000000000e+03 7.582723650714030461e-46
1.565000000000000000e+03 2.159406759792789901e-45
1.566000000000000000e+03 5.933906216719649705e-45
1.567000000000000000e+03 1.664487468797010031e-44
1.568000000000000000e+03 3.856090025807460055e-44
1.569000000000000000e+03 9.041287421572349357e-44
1.570000000000000000e+03 2.034954716234470056e-43
1.571000000000000000e+03 4.688890231741559681e-43
1.572000000000000000e+03 1.123537958130949981e-42
1.573000000000000000e+03 2.222589294627029886e-42
1.574000000000000000e+03 4.606088666530659968e-42
1.575000000000000000e+03 9.188121756649380490e-42
1.576000000000000000e+03 1.900571777386809910e-41
1.577000000000000000e+03 3.343356723628079842e-41
1.578000000000000000e+03 7.280916764664290015e-41
1.579000000000000000e+03 1.466163488517349981e-40
1.580000000000000000e+03 3.030834370082360019e-40
1.581000000000000000e+03 6.163389311075600172e-40
1.582000000000000000e+03 1.199457330024829966e-39
1.583000000000000000e+03 2.444227241950810091e-39
1.584000000000000000e+03 4.897285682649140298e-39
1.585000000000000000e+03 1.013365170922710019e-38
1.586000000000000000e+03 1.994541274506669907e-38
1.587000000000000000e+03 3.931243419670190051e-38
1.588000000000000000e+03 7.735735415378950397e-38
1.589000000000000000e+03 1.419576967448239960e-37
1.590000000000000000e+03 2.929907210436430027e-37
1.591000000000000000e+03 5.814706590630539642e-37
1.592000000000000000e+03 1.202169581174269937e-36
1.593000000000000000e+03 2.077065815228510087e-36
1.594000000000000000e+03 3.476087147102540091e-36
1.595000000000000000e+03 5.910116169375780308e-36
1.596000000000000000e+03 9.441678736985970369e-36
1.597000000000000000e+03 1.608636142864690131e-35
1.598000000000000000e+03 2.784994424666400086e-35
1.599000000000000000e+03 4.459169177210019758e-35
1.600000000000000000e+03 7.378144899056489868e-35
1.601000000000000000e+03 1.163394940717640063e-34
1.602000000000000000e+03 1.964435827311879930e-34
1.603000000000000000e+03 3.090992234378420012e-34
1.604000000000000000e+03 4.963554516272959930e-34
1.605000000000000000e+03 8.101667298818950723e-34
1.606000000000000000e+03 1.300215865795919923e-33
1.607000000000000000e+03 1.976037582317790040e-33
1.608000000000000000e+03 2.832690468781589847e-33
1.609000000000000000e+03 4.067198191846429830e-33
1.610000000000000000e+03 5.655206612352880060e-33
1.611000000000000000e+03 8.560387809880280478e-33
1.612000000000000000e+03 1.264902962249260018e-32
1.613000000000000000e+03 1.830663370942600010e-32
1.614000000000000000e+03 2.590486755612619798e-32
1.615000000000000000e+03 3.688106371923849743e-32
1.616000000000000000e+03 4.965681304238509564e-32
1.617000000000000000e+03 7.117635678394280432e-32
1.618000000000000000e+03 1.040075758672430072e-31
1.619000000000000000e+03 1.487570927215889994e-31
1.620000000000000000e+03 2.091836400369049816e-31
1.621000000000000000e+03 3.020770603665929956e-31
1.622000000000000000e+03 4.426270983311819756e-31
1.623000000000000000e+03 6.529403620132009642e-31
1.624000000000000000e+03 8.724205519293250613e-31
1.625000000000000000e+03 1.141182215124319948e-30
1.626000000000000000e+03 1.535488268233640020e-30
1.627000000000000000e+03 2.058779131413539907e-30
1.628000000000000000e+03 2.753774479152240028e-30
1.629000000000000000e+03 3.660869165761839774e-30
1.630000000000000000e+03 4.766795417243989962e-30
1.631000000000000000e+03 6.376169019299460515e-30
1.632000000000000000e+03 8.478361795458930555e-30
1.633000000000000000e+03 1.100500446474309966e-29
1.634000000000000000e+03 1.463287458407819909e-29
1.635000000000000000e+03 1.838722303257810013e-29
1.636000000000000000e+03 2.318862978578699966e-29
1.637000000000000000e+03 2.799623186542589798e-29
1.638000000000000000e+03 3.398320287820070277e-29
1.639000000000000000e+03 4.257812852109180041e-29
1.640000000000000000e+03 5.206711601790190246e-29
1.641000000000000000e+03 6.624984745548619571e-29
1.642000000000000000e+03 8.303851000071010474e-29
1.643000000000000000e+03 1.009589049786910004e-28
1.644000000000000000e+03 1.306137437238279962e-28
1.645000000000000000e+03 1.522892314409819934e-28
1.646000000000000000e+03 1.812971362438940075e-28
1.647000000000000000e+03 2.266512902383810098e-28
1.648000000000000000e+03 2.575204111548169939e-28
1.649000000000000000e+03 3.105527204270759966e-28
1.650000000000000000e+03 3.820954936285800116e-28
1.651000000000000000e+03 4.406439109022419558e-28
1.652000000000000000e+03 5.886373282564950371e-28
1.653000000000000000e+03 7.299572803722960045e-28
1.654000000000000000e+03 8.809724712319290820e-28
1.655000000000000000e+03 1.129991242307050034e-27
1.656000000000000000e+03 1.256712877426230080e-27
1.657000000000000000e+03 1.413556652615310067e-27
1.658000000000000000e+03 1.600023248639429912e-27
1.659000000000000000e+03 1.760670221434160150e-27
1.660000000000000000e+03 1.988456134917040146e-27
1.661000000000000000e+03 2.229737626585099984e-27
1.662000000000000000e+03 2.476678975653019827e-27
1.663000000000000000e+03 2.852273982736589869e-27
1.664000000000000000e+03 3.216935609639289845e-27
1.665000000000000000e+03 3.499199222515060096e-27
1.666000000000000000e+03 3.354958884096069890e-27
1.667000000000000000e+03 4.249720009063140017e-27
1.668000000000000000e+03 4.656032292622219732e-27
1.669000000000000000e+03 5.022514846302739654e-27
1.670000000000000000e+03 5.566425970419340135e-27
1.671000000000000000e+03 5.910493523289059883e-27
1.672000000000000000e+03 6.145463898932549861e-27
1.673000000000000000e+03 6.809365148147699547e-27
1.674000000000000000e+03 7.359021651611559963e-27
1.675000000000000000e+03 7.892648183118779483e-27
1.676000000000000000e+03 8.464114473958859363e-27
1.677000000000000000e+03 9.206538473592240074e-27
1.678000000000000000e+03 9.047574697937890653e-27
1.679000000000000000e+03 9.190249415055160570e-27
1.680000000000000000e+03 8.845989897109330178e-27
1.681000000000000000e+03 8.346137556234480155e-27
1.682000000000000000e+03 8.717056300554199633e-27
1.683000000000000000e+03 8.925052035314560561e-27
1.684000000000000000e+03 8.537183936431019916e-27
1.685000000000000000e+03 9.282676130702439374e-27
1.686000000000000000e+03 9.244241281110270082e-27
1.687000000000000000e+03 9.095652865022980032e-27
1.688000000000000000e+03 9.421585954763180038e-27
1.689000000000000000e+03 9.380660973911149756e-27
1.690000000000000000e+03 7.618652350172290362e-27
1.691000000000000000e+03 6.897235203019749752e-27
1.692000000000000000e+03 7.118905356101560354e-27
1.693000000000000000e+03 6.990416457261429460e-27
1.694000000000000000e+03 6.518409915384790670e-27
1.695000000000000000e+03 6.422322934232619845e-27
1.696000000000000000e+03 6.166580960071070242e-27
1.697000000000000000e+03 5.137894932642169819e-27
1.698000000000000000e+03 5.660512319222619781e-27
1.699000000000000000e+03 5.397510771120259848e-27
1.700000000000000000e+03 5.048513938272039876e-27
1.702000000000000000e+03 4.651236057038299986e-27
1.705000000000000000e+03 3.866383514034690036e-27
1.710000000000000000e+03 1.428196300271419925e-27
1.715000000000000000e+03 6.588717478385419559e-28
1.720000000000000000e+03 2.555009290024610098e-28
1.725000000000000000e+03 7.293044102864540385e-29
1.730000000000000000e+03 1.771603018997120048e-29
1.735000000000000000e+03 5.771868029029700286e-30
1.740000000000000000e+03 2.109368830440659932e-30
1.745000000000000000e+03 2.455065901464670018e-32
1.750000000000000000e+03 1.556807667015609918e-33
1.755000000000000000e+03 8.972709181098109744e-35
1.760000000000000000e+03 5.940936406359969761e-36
1.765000000000000000e+03 4.679568586732310215e-37
1.770000000000000000e+03 4.732368406749060113e-38
1.775000000000000000e+03 6.643400925359019744e-40
1.780000000000000000e+03 7.953061093540860042e-41
1.785000000000000000e+03 1.347976750219239982e-41
1.790000000000000000e+03 1.217585748605420016e-41
1.795000000000000000e+03 6.794795178646269847e-42
1.800000000000000000e+03 3.994777718228189956e-42
1.805000000000000000e+03 8.868915085940769947e-43
1.810000000000000000e+03 1.578323082193879852e-42
1.815000000000000000e+03 4.325124416988120169e-43
1.820000000000000000e+03 1.007576395856579914e-43
1.825000000000000000e+03 7.898631423446589625e-44
1.830000000000000000e+03 9.508450332492210231e-47
1.835000000000000000e+03 1.599328707996599948e-47
1.840000000000000000e+03 1.454826061669199952e-50
1.845000000000000000e+03 1.021141502588120031e-49
1.850000000000000000e+03 7.520746775158559840e-54
1.855000000000000000e+03 8.078982134153050786e-59
1.860000000000000000e+03 3.336078732172949809e-61
1.865000000000000000e+03 5.576916999846399796e-74
1.870000000000000000e+03 1.020352817898629916e-96
1.875000000000000000e+03 1.106715748927030044e-122
1.880000000000000000e+03 1.743285373358100017e-149
1.885000000000000000e+03 4.038904323986669935e-183
1.890000000000000000e+03 8.407928018214729390e-216
1.895000000000000000e+03 0.000000000000000000e+00
1.900000000000000000e+03 0.000000000000000000e+00
1.905000000000000000e+03 0.000000000000000000e+00
1.910000000000000000e+03 0.000000000000000000e+00
1.915000000000000000e+03 0.000000000000000000e+00
1.920000000000000000e+03 0.000000000000000000e+00
1.925000000000000000e+03 0.000000000000000000e+00
1.930000000000000000e+03 0.000000000000000000e+00
1.935000000000000000e+03 0.000000000000000000e+00
1.940000000000000000e+03 0.000000000000000000e+00
1.945000000000000000e+03 0.000000000000000000e+00
1.950000000000000000e+03 0.000000000000000000e+00
1.955000000000000000e+03 0.000000000000000000e+00
1.960000000000000000e+03 0.000000000000000000e+00
1.965000000000000000e+03 0.000000000000000000e+00
1.970000000000000000e+03 0.000000000000000000e+00
1.975000000000000000e+03 0.000000000000000000e+00
1.980000000000000000e+03 0.000000000000000000e+00
1.985000000000000000e+03 0.000000000000000000e+00
1.990000000000000000e+03 0.000000000000000000e+00
1.995000000000000000e+03 0.000000000000000000e+00
2.000000000000000000e+03 0.000000000000000000e+00
2.005000000000000000e+03 0.000000000000000000e+00
2.010000000000000000e+03 0.000000000000000000e+00
2.015000000000000000e+03 2.060482365977689818e-289
2.020000000000000000e+03 7.636731149402870387e-275
2.025000000000000000e+03 1.447488653365080060e-260
2.030000000000000000e+03 1.308786229983699963e-247
2.035000000000000000e+03 1.606074035132920171e-235
2.040000000000000000e+03 4.296146928487240197e-224
2.045000000000000000e+03 2.085005423954590050e-216
2.050000000000000000e+03 7.441322853306630441e-209
2.055000000000000000e+03 1.433440310857419862e-197
2.060000000000000000e+03 8.469629398364870049e-188
2.065000000000000000e+03 2.589311618724300114e-179
2.070000000000000000e+03 2.542712366422360036e-171
2.075000000000000000e+03 9.529114528353560234e-164
2.080000000000000000e+03 1.747952050877639904e-157
2.085000000000000000e+03 1.788524591058379899e-151
2.090000000000000000e+03 9.954395422485460590e-146
2.095000000000000000e+03 1.661022277420150029e-138
2.100000000000000000e+03 2.615191913284549991e-130
2.105000000000000000e+03 4.504477842343480277e-127
2.110000000000000000e+03 6.905532036570139958e-124
2.115000000000000000e+03 1.124781817183330025e-120
2.120000000000000000e+03 2.074722296534970067e-117
2.125000000000000000e+03 5.408365363599019847e-114
2.130000000000000000e+03 7.531078297471210186e-111
2.135000000000000000e+03 6.832125431911579761e-108
2.140000000000000000e+03 3.535371212672879783e-105
2.145000000000000000e+03 1.553044508616909981e-102
2.150000000000000000e+03 1.114173141686340058e-100
2.155000000000000000e+03 8.469856204148459898e-99
2.160000000000000000e+03 3.545073410722079930e-97
2.165000000000000000e+03 1.263907658450510023e-95
2.170000000000000000e+03 4.028280215164759750e-94
2.175000000000000000e+03 6.515486992622559853e-93
2.180000000000000000e+03 4.524974428531360064e-92
2.185000000000000000e+03 2.796898777416270186e-91
2.190000000000000000e+03 1.990666296036249846e-90
2.195000000000000000e+03 8.505729978099499774e-90
2.200000000000000000e+03 1.669194821995570012e-89
2.205000000000000000e+03 3.112185686568989889e-89
2.210000000000000000e+03 5.258216704588270021e-89
2.215000000000000000e+03 4.781877447717450035e-89
2.220000000000000000e+03 3.276411086736930043e-89
2.225000000000000000e+03 1.291216683436260085e-89
2.230000000000000000e+03 3.760608233033979801e-90
2.235000000000000000e+03 7.690788833718159483e-91
2.240000000000000000e+03 1.267115248536210001e-91
2.245000000000000000e+03 1.484654339273530081e-92
2.250000000000000000e+03 1.468234549764880022e-93
2.255000000000000000e+03 5.919035044937689682e-95
2.260000000000000000e+03 1.450736496353189995e-96
2.265000000000000000e+03 2.678295908625310037e-98
2.270000000000000000e+03 3.755067325768450168e-100
2.275000000000000000e+03 3.403272609757419887e-102
2.280000000000000000e+03 2.361808413746289879e-104
2.285000000000000000e+03 7.950403463493339798e-107
2.290000000000000000e+03 1.080181733725489883e-109
2.295000000000000000e+03 1.397151448173150041e-112
2.300000000000000000e+03 1.749137877135430084e-115
2.305000000000000000e+03 1.452723362047700040e-118
2.310000000000000000e+03 2.081286322979110124e-122
2.315000000000000000e+03 2.374248985768220100e-126
2.320000000000000000e+03 2.114870360210620149e-130
2.325000000000000000e+03 2.274044140994210237e-134
2.330000000000000000e+03 1.198105564229139933e-138
2.335000000000000000e+03 6.370496997875239625e-143
2.340000000000000000e+03 2.175550951579450030e-149
2.345000000000000000e+03 3.177227466323779906e-156
2.350000000000000000e+03 3.827051903304750024e-161
2.355000000000000000e+03 1.535796794322349928e-164
2.360000000000000000e+03 6.394935442717309435e-169
2.365000000000000000e+03 9.286860918985170191e-175
2.370000000000000000e+03 8.534728552246189888e-181
2.375000000000000000e+03 1.786261913880530100e-186
2.380000000000000000e+03 2.516351794168860191e-192
2.385000000000000000e+03 4.039058700676109993e-199
2.390000000000000000e+03 6.719678326226449855e-206
2.395000000000000000e+03 3.069564255738479946e-213
2.400000000000000000e+03 6.278716290333129764e-221
2.405000000000000000e+03 9.770715862921069329e-229
2.410000000000000000e+03 2.278239372860990185e-236
2.415000000000000000e+03 4.264069706071339712e-244
2.420000000000000000e+03 5.586796009329130275e-253
2.425000000000000000e+03 9.350011758074859603e-262
2.430000000000000000e+03 1.934795714206580160e-270
2.435000000000000000e+03 1.050588443493829919e-279
2.440000000000000000e+03 1.450007968893480023e-288
2.445000000000000000e+03 0.000000000000000000e+00
2.450000000000000000e+03 0.000000000000000000e+00
2.455000000000000000e+03 0.000000000000000000e+00
2.460000000000000000e+03 0.000000000000000000e+00
2.465000000000000000e+03 0.000000000000000000e+00
2.470000000000000000e+03 0.000000000000000000e+00
2.475000000000000000e+03 0.000000000000000000e+00
2.480000000000000000e+03 0.000000000000000000e+00
2.485000000000000000e+03 0.000000000000000000e+00
2.490000000000000000e+03 0.000000000000000000e+00
2.495000000000000000e+03 0.000000000000000000e+00
2.500000000000000000e+03 0.000000000000000000e+00
