3.000000000000000000e+02 4.392076917349770223e-04
3.005000000000000000e+02 5.509182114221240160e-04
3.010000000000000000e+02 8.857360538078709513e-04
3.015000000000000000e+02 1.272529607800120021e-03
3.020000000000000000e+02 1.408233998044149983e-03
3.025000000000000000e+02 2.113407436652650108e-03
3.030000000000000000e+02 3.601348049828399962e-03
3.035000000000000000e+02 4.636760331277459644e-03
3.040000000000000000e+02 4.929021746830669799e-03
3.045000000000000000e+02 6.255906819261820156e-03
3.050000000000000000e+02 8.638391486053500004e-03
3.055000000000000000e+02 9.861683034819029164e-03
3.060000000000000000e+02 9.827393147882569277e-03
3.065000000000000000e+02 1.120730212389909990e-02
3.070000000000000000e+02 1.477858987101609949e-02
3.075000000000000000e+02 1.887663321585560106e-02
3.080000000000000000e+02 2.012667896539459961e-02
3.085000000000000000e+02 2.207598012762870127e-02
3.090000000000000000e+02 2.164851105118300104e-02
3.095000000000000000e+02 2.298825477466640010e-02
3.100000000000000000e+02 2.703992765087330150e-02
3.105000000000000000e+02 3.487534167375989924e-02
3.110000000000000000e+02 4.413670796910860311e-02
3.115000000000000000e+02 4.490340478166480326e-02
3.120000000000000000e+02 4.953417936696569851e-02
3.125000000000000000e+02 5.234679384417279674e-02
3.130000000000000000e+02 5.679765772837890025e-02
3.135000000000000000e+02 5.748145901581939998e-02
3.140000000000000000e+02 6.361393261620719441e-02
3.145000000000000000e+02 6.871750578084169503e-02
3.150000000000000000e+02 7.187418103657840229e-02
3.155000000000000000e+02 6.325621977818439434e-02
3.160000000000000000e+02 6.548590977589739681e-02
3.165000000000000000e+02 7.920817711108080195e-02
3.170000000000000000e+02 9.085951512369590255e-02
3.175000000000000000e+02 9.742822692687209962e-02
3.180000000000000000e+02 9.365024674678699979e-02
3.185000000000000000e+02 9.782645691204559790e-02
3.190000000000000000e+02 1.073066389843610052e-01
3.195000000000000000e+02 1.046215355008150022e-01
3.200000000000000000e+02 1.103713231741959983e-01
3.205000000000000000e+02 1.302590288248469952e-01
3.210000000000000000e+02 1.313655678073220034e-01
3.215000000000000000e+02 1.255567073286019963e-01
3.220000000000000000e+02 1.195483682527340025e-01
3.225000000000000000e+02 1.173297811948190023e-01
3.230000000000000000e+02 1.139626754732789987e-01
3.235000000000000000e+02 1.313567987557320016e-01
3.240000000000000000e+02 1.457101871330130083e-01
3.245000000000000000e+02 1.517855721091329879e-01
3.250000000000000000e+02 1.521905186485379979e-01
3.255000000000000000e+02 1.761119653134790020e-01
3.260000000000000000e+02 2.049573642325299982e-01
3.265000000000000000e+02 2.177209514258900136e-01
3.270000000000000000e+02 2.145522891351120121e-01
3.275000000000000000e+02 2.092098242801190000e-01
3.280000000000000000e+02 1.943970007628610108e-01
3.285000000000000000e+02 2.033157793900260135e-01
3.290000000000000000e+02 2.291575343366450135e-01
3.295000000000000000e+02 2.544710643401300043e-01
3.300000000000000000e+02 2.577626276688799734e-01
3.305000000000000000e+02 2.372575849043969953e-01
3.310000000000000000e+02 2.248266227545830109e-01
3.315000000000000000e+02 2.327555490779990022e-01
3.320000000000000000e+02 2.414070922416189924e-01
3.325000000000000000e+02 2.429097105252980004e-01
3.330000000000000000e+02 2.391013807459010099e-01
3.335000000000000000e+02 2.293181127616049919e-01
3.340000000000000000e+02 2.348710390641949863e-01
3.345000000000000000e+02 2.508040494078159766e-01
3.350000000000000000e+02 2.611412698259660270e-01
3.355000000000000000e+02 2.554422545806019906e-01
3.360000000000000000e+02 2.349603421361929900e-01
3.365000000000000000e+02 2.180866479816049863e-01
3.370000000000000000e+02 2.148478610082510121e-01
3.375000000000000000e+02 2.313422121698900102e-01
3.380000000000000000e+02 2.500145669490410061e-01
3.385000000000000000e+02 2.621920302531209890e-01
3.390000000000000000e+02 2.676476049902249965e-01
3.395000000000000000e+02 2.751208164233699960e-01
3.400000000000000000e+02 2.930814960019619830e-01
3.405000000000000000e+02 2.932737093379439997e-01
3.410000000000000000e+02 2.760986081949279858e-01
3.415000000000000000e+02 2.753590200040180180e-01
3.420000000000000000e+02 2.879378494688349943e-01
3.425000000000000000e+02 2.996007585733230227e-01
3.430000000000000000e+02 3.051943302217159926e-01
3.435000000000000000e+02 2.893039614703579732e-01
3.440000000000000000e+02 2.508217971284180114e-01
3.445000000000000000e+02 2.418252384060619875e-01
3.450000000000000000e+02 2.756581953587530220e-01
3.455000000000000000e+02 2.945750780463399776e-01
3.460000000000000000e+02 2.883924768781089831e-01
3.465000000000000000e+02 2.945174868905010013e-01
3.470000000000000000e+02 3.002083364693680090e-01
3.475000000000000000e+02 2.906694498124859916e-01
3.480000000000000000e+02 2.902600850948580113e-01
3.485000000000000000e+02 2.960218630073049861e-01
3.490000000000000000e+02 2.859537935845369860e-01
3.495000000000000000e+02 2.944709371560860212e-01
3.500000000000000000e+02 3.261485033843840031e-01
3.505000000000000000e+02 3.515407211627030182e-01
3.510000000000000000e+02 3.429811455802729836e-01
3.515000000000000000e+02 3.309795685320189862e-01
3.520000000000000000e+02 3.239420842820530111e-01
3.525000000000000000e+02 3.069200605170029905e-01
3.530000000000000000e+02 3.269917010742670049e-01
3.535000000000000000e+02 3.605053535319969749e-01
3.540000000000000000e+02 3.820840301044700071e-01
3.545000000000000000e+02 3.872802905443130106e-01
3.550000000000000000e+02 3.882812914672260085e-01
3.555000000000000000e+02 3.757994267657239762e-01
3.560000000000000000e+02 3.535019036101549883e-01
3.565000000000000000e+02 3.323724797399200126e-01
3.570000000000000000e+02 2.930198024794369860e-01
3.575000000000000000e+02 2.972398585929300063e-01
3.580000000000000000e+02 2.772726373942739908e-01
3.585000000000000000e+02 2.580632487264790109e-01
3.590000000000000000e+02 3.042706968564289904e-01
3.595000000000000000e+02 3.674746347859380036e-01
3.600000000000000000e+02 3.896238270761099853e-01
3.605000000000000000e+02 3.690589412965989968e-01
3.610000000000000000e+02 3.403889185486539959e-01
3.615000000000000000e+02 3.341396408781219796e-01
3.620000000000000000e+02 3.510692457461859761e-01
3.625000000000000000e+02 3.854006440474179729e-01
3.630000000000000000e+02 3.973587556679309962e-01
3.635000000000000000e+02 3.873458182138200256e-01
3.640000000000000000e+02 4.020576434409919853e-01
3.645000000000000000e+02 3.991668756105850036e-01
3.650000000000000000e+02 4.153911632567720003e-01
3.655000000000000000e+02 4.581354758679530015e-01
3.660000000000000000e+02 4.919216056425890216e-01
3.665000000000000000e+02 4.937944287584590253e-01
3.670000000000000000e+02 4.856209307191750035e-01
3.675000000000000000e+02 4.774168009903850263e-01
3.680000000000000000e+02 4.503889143383559834e-01
3.685000000000000000e+02 4.482944936485560028e-01
3.690000000000000000e+02 4.695668879009379792e-01
3.695000000000000000e+02 5.054925005423660522e-01
3.700000000000000000e+02 5.135693213081059527e-01
3.705000000000000000e+02 4.652037864257870248e-01
3.710000000000000000e+02 4.734782213744340162e-01
3.715000000000000000e+02 4.929776289340440099e-01
3.720000000000000000e+02 4.623704592079719844e-01
3.725000000000000000e+02 4.413339230261549839e-01
3.730000000000000000e+02 4.258741697782080227e-01
3.735000000000000000e+02 3.846117825537460067e-01
3.740000000000000000e+02 3.843131599421060196e-01
3.745000000000000000e+02 3.821749911748320017e-01
3.750000000000000000e+02 4.085551301653160272e-01
3.755000000000000000e+02 4.525870244751389881e-01
3.760000000000000000e+02 4.695431819813329910e-01
3.765000000000000000e+02 4.627927252295950256e-01
3.770000000000000000e+02 4.973719115507799771e-01
3.775000000000000000e+02 5.558205921974550545e-01
3.780000000000000000e+02 5.998318357909010468e-01
3.785000000000000000e+02 5.857044735359759891e-01
3.790000000000000000e+02 5.233002279573439885e-01
3.795000000000000000e+02 4.699933574133119962e-01
3.800000000000000000e+02 4.948306866567550033e-01
3.805000000000000000e+02 5.310843871424509866e-01
3.810000000000000000e+02 5.413090247554269707e-01
3.815000000000000000e+02 4.887038610053999754e-01
3.820000000000000000e+02 4.173203744797919779e-01
3.825000000000000000e+02 3.616608393120520071e-01
3.830000000000000000e+02 3.247379960156980272e-01
3.835000000000000000e+02 3.148986919555449848e-01
3.840000000000000000e+02 3.649506268785189800e-01
3.845000000000000000e+02 4.400515354051299788e-01
3.850000000000000000e+02 4.838090051546080073e-01
3.855000000000000000e+02 4.630294292722120231e-01
3.860000000000000000e+02 4.474621548557690121e-01
3.865000000000000000e+02 4.660036241926699963e-01
3.870000000000000000e+02 4.709274585927589740e-01
3.875000000000000000e+02 4.648398087890119879e-01
3.880000000000000000e+02 4.610499483719739944e-01
3.885000000000000000e+02 4.585119118195339905e-01
3.890000000000000000e+02 4.985356866669570230e-01
3.895000000000000000e+02 5.533875338083289463e-01
3.900000000000000000e+02 5.814218297098340260e-01
3.905000000000000000e+02 5.872005402673620145e-01
3.910000000000000000e+02 6.229668796217000537e-01
3.915000000000000000e+02 6.327439406854690196e-01
3.920000000000000000e+02 5.834011126718779972e-01
3.925000000000000000e+02 4.869732316818030093e-01
3.930000000000000000e+02 3.531080588870200154e-01
3.935000000000000000e+02 2.811974266479019824e-01
3.940000000000000000e+02 3.658192328844739882e-01
3.945000000000000000e+02 5.053609667448479836e-01
3.950000000000000000e+02 5.976936768155040047e-01
3.955000000000000000e+02 6.375100600782720450e-01
3.960000000000000000e+02 5.613341563740730233e-01
3.965000000000000000e+02 4.087454313814199991e-01
3.970000000000000000e+02 3.170554501551959836e-01
3.975000000000000000e+02 4.688886455649289853e-01
3.980000000000000000e+02 6.358691437293909621e-01
3.985000000000000000e+02 7.519594045163070506e-01
3.990000000000000000e+02 7.995097814965950178e-01
3.995000000000000000e+02 8.250423413768750436e-01
4.000000000000000000e+02 8.350327376772539445e-01
4.010000000000000000e+02 8.717950523091789750e-01
4.020000000000000000e+02 9.084940416718180201e-01
4.030000000000000000e+02 8.768331862716169933e-01
4.040000000000000000e+02 8.930258934681950533e-01
4.050000000000000000e+02 8.730602117370259707e-01
4.060000000000000000e+02 8.533866927561699622e-01
4.070000000000000000e+02 8.400563979367520195e-01
4.080000000000000000e+02 8.791469326540349849e-01
4.090000000000000000e+02 9.409392620527879947e-01
4.100000000000000000e+02 8.036971497594529446e-01
4.110000000000000000e+02 9.015485785364349969e-01
4.120000000000000000e+02 9.602116292564549793e-01
4.130000000000000000e+02 9.229799997971369629e-01
4.140000000000000000e+02 9.147301759210999528e-01
4.150000000000000000e+02 9.487388655096919976e-01
4.160000000000000000e+02 9.790084658587270283e-01
4.170000000000000000e+02 9.567176426012640178e-01
4.180000000000000000e+02 9.169248233413870297e-01
4.190000000000000000e+02 9.561014267030969460e-01
4.200000000000000000e+02 8.777086405745629927e-01
4.210000000000000000e+02 9.986285959883629548e-01
4.220000000000000000e+02 9.868644423166590407e-01
4.230000000000000000e+02 9.573310853015649657e-01
4.240000000000000000e+02 9.537745501963640349e-01
4.250000000000000000e+02 9.846650205437910142e-01
4.260000000000000000e+02 9.582964487639840101e-01
4.270000000000000000e+02 9.273037165405030313e-01
4.280000000000000000e+02 9.378657402986989577e-01
4.290000000000000000e+02 8.697530100960949584e-01
4.300000000000000000e+02 6.949172618969230442e-01
4.310000000000000000e+02 6.318860489251639789e-01
4.320000000000000000e+02 1.052856487724979972e+00
4.330000000000000000e+02 9.810857495958360541e-01
4.340000000000000000e+02 9.076826380759129842e-01
4.350000000000000000e+02 9.971795985628619796e-01
4.360000000000000000e+02 1.095203635997719971e+00
4.370000000000000000e+02 1.119294375918870044e+00
4.380000000000000000e+02 9.835959799306559503e-01
4.390000000000000000e+02 9.477180592404910175e-01
4.400000000000000000e+02 1.087926524584899912e+00
4.410000000000000000e+02 1.074557701275479893e+00
4.420000000000000000e+02 1.151726763073900095e+00
4.430000000000000000e+02 1.169716830013129982e+00
4.440000000000000000e+02 1.141307082214970015e+00
4.450000000000000000e+02 1.186199700346660002e+00
4.460000000000000000e+02 1.064822296129559920e+00
4.470000000000000000e+02 1.212169960637849986e+00
4.480000000000000000e+02 1.228364980729679923e+00
4.490000000000000000e+02 1.226956757686469945e+00
4.500000000000000000e+02 1.273499043579610079e+00
4.510000000000000000e+02 1.322305710718810090e+00
4.520000000000000000e+02 1.267412413817619932e+00
4.530000000000000000e+02 1.171611639201040056e+00
4.540000000000000000e+02 1.258066878689320101e+00
4.550000000000000000e+02 1.250529799354270111e+00
4.560000000000000000e+02 1.293188257793689955e+00
4.570000000000000000e+02 1.305408606816530037e+00
4.580000000000000000e+02 1.278901833524610065e+00
4.590000000000000000e+02 1.270180304314030062e+00
4.600000000000000000e+02 1.263337092004449991e+00
4.610000000000000000e+02 1.309034374554640001e+00
4.620000000000000000e+02 1.322431940614960055e+00
4.630000000000000000e+02 1.328223985860949918e+00
4.640000000000000000e+02 1.288896091711120073e+00
4.650000000000000000e+02 1.273959465820680093e+00
4.660000000000000000e+02 1.301963974091759901e+00
4.670000000000000000e+02 1.245118562948869911e+00
4.680000000000000000e+02 1.300389297817019951e+00
4.690000000000000000e+02 1.307067422113189936e+00
4.700000000000000000e+02 1.257804504233480003e+00
4.710000000000000000e+02 1.279909453604519909e+00
4.720000000000000000e+02 1.347377303732490095e+00
4.730000000000000000e+02 1.296191420129900074e+00
4.740000000000000000e+02 1.311772989029319936e+00
4.750000000000000000e+02 1.356038120223789889e+00
4.760000000000000000e+02 1.310886664564439918e+00
4.770000000000000000e+02 1.319789719835249953e+00
4.780000000000000000e+02 1.363569099767069970e+00
4.790000000000000000e+02 1.338373081144720089e+00
4.800000000000000000e+02 1.361644900286459903e+00
4.810000000000000000e+02 1.362387667222100029e+00
4.820000000000000000e+02 1.368248975272380097e+00
4.830000000000000000e+02 1.352455384298649976e+00
4.840000000000000000e+02 1.327519049856469957e+00
4.850000000000000000e+02 1.323744315607159994e+00
4.860000000000000000e+02 1.073718342074519994e+00
4.870000000000000000e+02 1.202816155839470103e+00
4.880000000000000000e+02 1.302340970288899946e+00
4.890000000000000000e+02 1.227222328856699907e+00
4.900000000000000000e+02 1.371745348604259895e+00
4.910000000000000000e+02 1.318873745214069970e+00
4.920000000000000000e+02 1.257801480382070070e+00
4.930000000000000000e+02 1.345608921510210054e+00
4.940000000000000000e+02 1.313925020693099910e+00
4.950000000000000000e+02 1.395118494120239916e+00
4.960000000000000000e+02 1.326778524417469907e+00
4.970000000000000000e+02 1.349337263061239911e+00
4.980000000000000000e+02 1.312502409670810000e+00
4.990000000000000000e+02 1.312300172810090038e+00
5.000000000000000000e+02 1.307605688924230014e+00
5.010000000000000000e+02 1.267371077984680072e+00
5.020000000000000000e+02 1.266391752514389957e+00
5.030000000000000000e+02 1.324273605942619891e+00
5.040000000000000000e+02 1.234046457026410026e+00
5.050000000000000000e+02 1.321989276879409925e+00
5.060000000000000000e+02 1.374708244461370077e+00
5.070000000000000000e+02 1.314693872514500095e+00
5.080000000000000000e+02 1.280677232033430091e+00
5.090000000000000000e+02 1.341448686937249946e+00
5.100000000000000000e+02 1.306017389086360003e+00
5.110000000000000000e+02 1.329458729553850027e+00
5.120000000000000000e+02 1.364054049048669892e+00
5.130000000000000000e+02 1.280945045004380001e+00
5.140000000000000000e+02 1.253318717473169919e+00
5.150000000000000000e+02 1.288977906756689995e+00
5.160000000000000000e+02 1.300229896294389897e+00
5.170000000000000000e+02 1.059031108311440095e+00
5.180000000000000000e+02 1.210590754889369958e+00
5.190000000000000000e+02 1.173513820590069923e+00
5.200000000000000000e+02 1.281404039564469910e+00
5.210000000000000000e+02 1.290839395414830060e+00
5.220000000000000000e+02 1.319932685561429953e+00
5.230000000000000000e+02 1.245162949368340044e+00
5.240000000000000000e+02 1.340247449277029990e+00
5.250000000000000000e+02 1.329163435000910054e+00
5.260000000000000000e+02 1.291556171408559939e+00
5.270000000000000000e+02 1.130421554081959989e+00
5.280000000000000000e+02 1.294852785487460078e+00
5.290000000000000000e+02 1.355220267536640044e+00
5.300000000000000000e+02 1.302698171517030046e+00
5.310000000000000000e+02 1.373449511236650045e+00
5.320000000000000000e+02 1.348056710771950106e+00
5.330000000000000000e+02 1.203540651090869940e+00
5.340000000000000000e+02 1.288962593125480005e+00
5.350000000000000000e+02 1.308110500376530094e+00
5.360000000000000000e+02 1.363581708636159906e+00
5.370000000000000000e+02 1.261531294907149992e+00
5.380000000000000000e+02 1.324474710522900001e+00
5.390000000000000000e+02 1.291289957785229925e+00
5.400000000000000000e+02 1.246353075095510077e+00
5.410000000000000000e+02 1.198193273495230082e+00
5.420000000000000000e+02 1.304124736647799931e+00
5.430000000000000000e+02 1.281570064894000049e+00
5.440000000000000000e+02 1.325379269583790043e+00
5.450000000000000000e+02 1.294490417489879919e+00
5.460000000000000000e+02 1.281931224302939931e+00
5.470000000000000000e+02 1.297774463826459890e+00
5.480000000000000000e+02 1.259994123593080051e+00
5.490000000000000000e+02 1.298226594508609999e+00
5.500000000000000000e+02 1.286863545519159935e+00
5.510000000000000000e+02 1.284536872593539991e+00
5.520000000000000000e+02 1.309777212469789953e+00
5.530000000000000000e+02 1.271816322702820079e+00
5.540000000000000000e+02 1.295800195886940065e+00
5.550000000000000000e+02 1.302427690350490108e+00
5.560000000000000000e+02 1.279702572923109960e+00
5.570000000000000000e+02 1.248017939415130062e+00
5.580000000000000000e+02 1.274609842038090024e+00
5.590000000000000000e+02 1.205601667080880013e+00
5.600000000000000000e+02 1.226543731834710105e+00
5.610000000000000000e+02 1.297350396115040105e+00
5.620000000000000000e+02 1.234818362976310091e+00
5.630000000000000000e+02 1.281230516744400028e+00
5.640000000000000000e+02 1.255687080315160076e+00
5.650000000000000000e+02 1.262785998473090032e+00
5.660000000000000000e+02 1.193458435518240046e+00
5.670000000000000000e+02 1.271551733877239965e+00
5.680000000000000000e+02 1.259477073415989912e+00
5.690000000000000000e+02 1.227648685570650100e+00
5.700000000000000000e+02 1.227227374086099942e+00
5.710000000000000000e+02 1.185709136366760008e+00
5.720000000000000000e+02 1.250970868716539952e+00
5.730000000000000000e+02 1.254600236379060041e+00
5.740000000000000000e+02 1.246329205217630021e+00
5.750000000000000000e+02 1.216130242041330023e+00
5.760000000000000000e+02 1.203940876612699995e+00
5.770000000000000000e+02 1.232251151267840017e+00
5.780000000000000000e+02 1.192243067453929939e+00
5.790000000000000000e+02 1.206232523327350092e+00
5.800000000000000000e+02 1.223316595539930107e+00
5.810000000000000000e+02 1.226098329351499983e+00
5.820000000000000000e+02 1.242251291221569964e+00
5.830000000000000000e+02 1.250242243132080100e+00
5.840000000000000000e+02 1.242889690012699999e+00
5.850000000000000000e+02 1.228271417528840059e+00
5.860000000000000000e+02 1.194157636712660064e+00
5.870000000000000000e+02 1.215061279129620031e+00
5.880000000000000000e+02 1.182455808575729961e+00
5.890000000000000000e+02 1.016552576491380089e+00
5.900000000000000000e+02 1.075423069378480090e+00
5.910000000000000000e+02 1.144173280004560089e+00
5.920000000000000000e+02 1.114874919025899969e+00
5.930000000000000000e+02 1.124859190084690042e+00
5.940000000000000000e+02 1.113928046525769933e+00
5.950000000000000000e+02 1.093041228103160067e+00
5.960000000000000000e+02 1.118699546806799949e+00
5.970000000000000000e+02 1.113384505967109916e+00
5.980000000000000000e+02 1.091145558525260073e+00
5.990000000000000000e+02 1.071710923305390084e+00
6.000000000000000000e+02 1.063030123660350101e+00
6.010000000000000000e+02 1.043187910143440034e+00
6.020000000000000000e+02 1.020416021935540041e+00
6.030000000000000000e+02 1.038015225507449957e+00
6.040000000000000000e+02 1.052087025307969936e+00
6.050000000000000000e+02 1.043167748881860035e+00
6.060000000000000000e+02 1.030924513637379913e+00
6.070000000000000000e+02 1.033761109248759968e+00
6.080000000000000000e+02 1.027134021775480077e+00
6.090000000000000000e+02 1.017529120415749944e+00
6.100000000000000000e+02 1.011395282916079941e+00
6.110000000000000000e+02 1.005069228040589957e+00
6.120000000000000000e+02 1.019108573996770017e+00
6.130000000000000000e+02 1.003523362135499974e+00
6.140000000000000000e+02 9.719324918059859542e-01
6.150000000000000000e+02 1.006535564877339972e+00
6.160000000000000000e+02 9.789323171885540020e-01
6.170000000000000000e+02 9.656300198240039823e-01
6.180000000000000000e+02 1.001251484579579909e+00
6.190000000000000000e+02 1.004838927476219945e+00
6.200000000000000000e+02 1.004112183355130083e+00
6.210000000000000000e+02 1.007180881778590109e+00
6.220000000000000000e+02 9.698109679584250298e-01
6.230000000000000000e+02 9.617151763271439835e-01
6.240000000000000000e+02 9.571689200820600041e-01
6.250000000000000000e+02 9.496755239258829473e-01
6.260000000000000000e+02 9.475906261034050537e-01
6.270000000000000000e+02 9.736583000658880493e-01
6.280000000000000000e+02 9.204321463088229738e-01
6.290000000000000000e+02 9.509663820428170267e-01
6.300000000000000000e+02 9.368222871949299924e-01
6.310000000000000000e+02 9.508793888157960339e-01
6.320000000000000000e+02 9.143031263509640016e-01
6.330000000000000000e+02 9.712612491621339661e-01
6.340000000000000000e+02 9.551228642219800058e-01
6.350000000000000000e+02 9.655106042336539796e-01
6.360000000000000000e+02 9.422891932782430091e-01
6.370000000000000000e+02 9.726166335565300525e-01
6.380000000000000000e+02 9.772402586323090112e-01
6.390000000000000000e+02 9.715683949070420544e-01
6.400000000000000000e+02 9.496487562777989888e-01
6.410000000000000000e+02 9.486682740269329894e-01
6.420000000000000000e+02 9.489298292369690024e-01
6.430000000000000000e+02 9.570157742172999971e-01
6.440000000000000000e+02 9.511727635408659953e-01
6.450000000000000000e+02 9.561470332951760298e-01
6.460000000000000000e+02 9.271180970115869835e-01
6.470000000000000000e+02 9.214336373290119564e-01
6.480000000000000000e+02 9.110057064212579991e-01
6.490000000000000000e+02 8.804993122172439790e-01
6.500000000000000000e+02 8.828789875309630553e-01
6.510000000000000000e+02 9.360943023640040384e-01
6.520000000000000000e+02 8.972442294918250294e-01
6.530000000000000000e+02 9.224341342084819706e-01
6.540000000000000000e+02 9.094700638216509647e-01
6.550000000000000000e+02 8.641048708453540339e-01
6.560000000000000000e+02 7.553144205397509525e-01
6.570000000000000000e+02 7.848478027001439816e-01
6.580000000000000000e+02 8.717421853516730268e-01
6.590000000000000000e+02 8.681853867779599776e-01
6.600000000000000000e+02 8.670956682231959478e-01
6.610000000000000000e+02 8.576486801470279975e-01
6.620000000000000000e+02 8.449164903545629546e-01
6.630000000000000000e+02 8.426182202858120140e-01
6.640000000000000000e+02 8.461445592999300436e-01
6.650000000000000000e+02 8.588522498226149882e-01
6.660000000000000000e+02 8.558472421612379755e-01
6.670000000000000000e+02 8.485541514298959864e-01
6.680000000000000000e+02 8.503060146225629445e-01
6.690000000000000000e+02 8.640045692620680340e-01
6.700000000000000000e+02 8.511151519559639889e-01
6.710000000000000000e+02 8.483373874760870015e-01
6.720000000000000000e+02 8.353964891198739640e-01
6.730000000000000000e+02 8.416257718035470292e-01
6.740000000000000000e+02 8.394725766397630462e-01
6.750000000000000000e+02 8.306075804693000553e-01
6.760000000000000000e+02 8.381700540308210101e-01
6.770000000000000000e+02 8.285508828471790377e-01
6.780000000000000000e+02 8.310428264726770209e-01
6.790000000000000000e+02 8.220210003921200048e-01
6.800000000000000000e+02 8.214141279051050404e-01
6.810000000000000000e+02 8.156589889149209460e-01
6.820000000000000000e+02 8.170297991887019995e-01
6.830000000000000000e+02 8.051484497876689739e-01
6.840000000000000000e+02 7.968680620068220311e-01
6.850000000000000000e+02 7.939829936479539940e-01
6.860000000000000000e+02 7.727632412214759938e-01
6.870000000000000000e+02 5.575796208186889480e-01
6.880000000000000000e+02 6.406399444742659766e-01
6.890000000000000000e+02 6.410599804133430002e-01
6.900000000000000000e+02 6.676097380231219569e-01
6.910000000000000000e+02 6.909194494700570122e-01
6.920000000000000000e+02 7.052889371204610347e-01
6.930000000000000000e+02 6.951380854809769971e-01
6.940000000000000000e+02 6.816147153530109914e-01
6.950000000000000000e+02 6.888793327751829842e-01
6.960000000000000000e+02 6.814664482250180066e-01
6.970000000000000000e+02 7.111487760396000279e-01
6.980000000000000000e+02 6.921630457119289925e-01
6.990000000000000000e+02 6.697820029629639738e-01
7.000000000000000000e+02 6.565992918924460353e-01
7.010000000000000000e+02 6.395151057058540145e-01
7.020000000000000000e+02 6.314490271037069835e-01
7.030000000000000000e+02 6.254218626635480449e-01
7.040000000000000000e+02 6.316773810719360505e-01
7.050000000000000000e+02 6.280436991704430039e-01
7.060000000000000000e+02 6.146218635953080156e-01
7.070000000000000000e+02 6.009763218919720318e-01
7.080000000000000000e+02 5.883190203683740238e-01
7.090000000000000000e+02 5.780304216631809711e-01
7.100000000000000000e+02 5.694871029659479555e-01
7.110000000000000000e+02 5.551074258398940309e-01
7.120000000000000000e+02 5.384551760192329839e-01
7.130000000000000000e+02 5.177443782952539930e-01
7.140000000000000000e+02 5.081196609386530172e-01
7.150000000000000000e+02 4.751053981946620208e-01
7.160000000000000000e+02 4.644168106392200235e-01
7.170000000000000000e+02 3.902636943720350082e-01
7.180000000000000000e+02 3.498232048716189979e-01
7.190000000000000000e+02 3.009392713643159745e-01
7.200000000000000000e+02 3.077623438760220265e-01
7.210000000000000000e+02 3.228608915784800248e-01
7.220000000000000000e+02 3.508609813953300072e-01
7.230000000000000000e+02 3.082882089384160196e-01
7.240000000000000000e+02 2.708879675500019957e-01
7.250000000000000000e+02 2.530486962840839960e-01
7.260000000000000000e+02 2.501702474501170115e-01
7.270000000000000000e+02 2.370174397001670041e-01
7.280000000000000000e+02 2.146749633306639926e-01
7.290000000000000000e+02 2.018838947323360056e-01
7.300000000000000000e+02 2.034929554273109953e-01
7.310000000000000000e+02 1.777462768837549945e-01
7.320000000000000000e+02 1.761345855255899984e-01
7.330000000000000000e+02 1.647739795838029930e-01
7.340000000000000000e+02 1.536712552793809972e-01
7.350000000000000000e+02 1.360000672659630039e-01
7.360000000000000000e+02 1.209188736977560019e-01
7.370000000000000000e+02 1.099761425231230022e-01
7.380000000000000000e+02 1.020491307646300000e-01
7.390000000000000000e+02 9.245721429227519994e-02
7.400000000000000000e+02 8.840473598585900372e-02
7.410000000000000000e+02 8.415256029951649619e-02
7.420000000000000000e+02 8.044492694678839761e-02
7.430000000000000000e+02 8.013300682548070430e-02
7.440000000000000000e+02 7.882144067670619758e-02
7.450000000000000000e+02 7.762847898088369447e-02
7.460000000000000000e+02 7.632614073655079323e-02
7.470000000000000000e+02 7.563870804126099356e-02
7.480000000000000000e+02 7.447073588619719520e-02
7.490000000000000000e+02 7.379073675733299753e-02
7.500000000000000000e+02 7.327215591930359706e-02
7.510000000000000000e+02 7.266606750829189554e-02
7.520000000000000000e+02 7.264399716804979812e-02
7.530000000000000000e+02 7.205476270755589718e-02
7.540000000000000000e+02 7.273714665573610683e-02
7.550000000000000000e+02 7.230039511474829761e-02
7.560000000000000000e+02 7.120362862333359799e-02
7.570000000000000000e+02 7.084106225575620419e-02
7.580000000000000000e+02 7.097890327092250262e-02
7.590000000000000000e+02 6.871478959822850674e-02
7.600000000000000000e+02 1.547206129216839934e-02
7.610000000000000000e+02 8.958929619599969446e-03
7.620000000000000000e+02 3.965366020029800070e-02
7.630000000000000000e+02 2.198507938634629982e-02
7.640000000000000000e+02 3.112792883142720055e-02
7.650000000000000000e+02 3.962800687474780231e-02
7.660000000000000000e+02 4.704192873231789751e-02
7.670000000000000000e+02 5.637919414429500009e-02
7.680000000000000000e+02 6.463218110925020299e-02
7.690000000000000000e+02 6.564535266064630559e-02
7.700000000000000000e+02 6.777235854483769362e-02
7.710000000000000000e+02 6.842293925777050145e-02
7.720000000000000000e+02 6.917928638775160122e-02
7.730000000000000000e+02 6.976193406367940664e-02
7.740000000000000000e+02 7.040162322829379704e-02
7.750000000000000000e+02 7.114420747947700074e-02
7.760000000000000000e+02 7.206101569263509421e-02
7.770000000000000000e+02 7.236533734927899641e-02
7.780000000000000000e+02 7.302836770598410132e-02
7.790000000000000000e+02 7.449217298952200139e-02
7.800000000000000000e+02 7.482845563238610387e-02
7.810000000000000000e+02 7.562267744351300336e-02
7.820000000000000000e+02 7.697813984628999739e-02
7.830000000000000000e+02 7.771852727063639776e-02
7.840000000000000000e+02 7.825813992053830270e-02
7.850000000000000000e+02 8.003277009770989880e-02
7.860000000000000000e+02 8.153996757929619921e-02
7.870000000000000000e+02 8.206802792200169894e-02
7.880000000000000000e+02 8.254799102986509762e-02
7.890000000000000000e+02 8.393778696438709830e-02
7.900000000000000000e+02 8.308342174078940656e-02
7.910000000000000000e+02 8.607740593606559576e-02
7.920000000000000000e+02 8.718394485378540282e-02
7.930000000000000000e+02 8.832773474867940122e-02
7.940000000000000000e+02 9.087678834503609693e-02
7.950000000000000000e+02 9.211921876949880073e-02
7.960000000000000000e+02 9.214407792927510610e-02
7.970000000000000000e+02 9.555854491827280028e-02
7.980000000000000000e+02 9.936102833102390675e-02
7.990000000000000000e+02 9.941905502210419965e-02
8.000000000000000000e+02 9.979116830932989457e-02
8.010000000000000000e+02 1.060738187225150064e-01
8.020000000000000000e+02 1.073457221985399945e-01
8.030000000000000000e+02 1.065151296409179993e-01
8.040000000000000000e+02 1.097780070256890034e-01
8.050000000000000000e+02 1.076597412656170039e-01
8.060000000000000000e+02 1.123401653281689977e-01
8.070000000000000000e+02 1.114920915880780045e-01
8.080000000000000000e+02 1.131703336185600067e-01
8.090000000000000000e+02 1.089325235979130002e-01
8.100000000000000000e+02 1.093785046304729947e-01
8.110000000000000000e+02 1.085875273423329984e-01
8.120000000000000000e+02 1.053848731471289935e-01
8.130000000000000000e+02 1.022498171030890024e-01
8.140000000000000000e+02 9.061294136541650501e-02
8.150000000000000000e+02 8.866327750146869857e-02
8.160000000000000000e+02 8.146787997129720238e-02
8.170000000000000000e+02 8.107951933643330056e-02
8.180000000000000000e+02 7.616826644034099814e-02
8.190000000000000000e+02 8.265646332445869549e-02
8.200000000000000000e+02 7.778498596014429833e-02
8.210000000000000000e+02 8.475311975546480359e-02
8.220000000000000000e+02 7.631289581780610620e-02
8.230000000000000000e+02 5.234293184990979758e-02
8.240000000000000000e+02 6.995164964501990323e-02
8.250000000000000000e+02 6.534855997414550088e-02
8.260000000000000000e+02 5.428110909535709822e-02
8.270000000000000000e+02 5.319682599948660079e-02
8.280000000000000000e+02 4.279777094058070247e-02
8.290000000000000000e+02 3.851319561788599938e-02
8.300000000000000000e+02 3.454844288636180205e-02
8.310000000000000000e+02 3.170394455614319873e-02
8.320000000000000000e+02 2.610575298301169925e-02
8.330000000000000000e+02 2.408201332480830112e-02
8.340000000000000000e+02 2.242389840126109840e-02
8.350000000000000000e+02 2.292187545280939889e-02
8.360000000000000000e+02 2.040936041422420147e-02
8.370000000000000000e+02 2.048251632746899906e-02
8.380000000000000000e+02 1.962515642787469872e-02
8.390000000000000000e+02 1.860905939426630087e-02
8.400000000000000000e+02 1.813417273921040171e-02
8.410000000000000000e+02 1.759022263685689966e-02
8.420000000000000000e+02 1.693074351471529973e-02
8.430000000000000000e+02 1.640066048454990114e-02
8.440000000000000000e+02 1.581489936587270051e-02
8.450000000000000000e+02 1.601428673860420121e-02
8.460000000000000000e+02 1.542707254671540039e-02
8.470000000000000000e+02 1.475965458922860046e-02
8.480000000000000000e+02 1.451499654995509932e-02
8.490000000000000000e+02 1.366372707027299974e-02
8.500000000000000000e+02 1.244874923902760007e-02
8.510000000000000000e+02 1.325303426285009967e-02
8.520000000000000000e+02 1.285843622040860022e-02
8.530000000000000000e+02 1.249052735978349940e-02
8.540000000000000000e+02 1.083393075173490032e-02
8.550000000000000000e+02 1.142545362401049987e-02
8.560000000000000000e+02 1.154322437406459997e-02
8.570000000000000000e+02 1.165068257988190019e-02
8.580000000000000000e+02 1.154433554372480061e-02
8.590000000000000000e+02 1.094249373418870047e-02
8.600000000000000000e+02 1.072368832723799917e-02
8.610000000000000000e+02 1.053223174086389928e-02
8.620000000000000000e+02 1.021293306828090046e-02
8.630000000000000000e+02 1.003345146349549945e-02
8.640000000000000000e+02 9.588466462977370333e-03
8.650000000000000000e+02 8.948433207328729266e-03
8.660000000000000000e+02 7.482284486091740280e-03
8.670000000000000000e+02 7.880666793665110775e-03
8.680000000000000000e+02 8.065480276462899320e-03
8.690000000000000000e+02 7.800060198640380339e-03
8.700000000000000000e+02 7.764406660528020039e-03
8.710000000000000000e+02 7.059102961069849830e-03
8.720000000000000000e+02 6.941295432884570307e-03
8.730000000000000000e+02 6.666601612464900274e-03
8.740000000000000000e+02 6.130422859231359628e-03
8.750000000000000000e+02 5.779699393572440384e-03
8.760000000000000000e+02 5.683112612780410328e-03
8.770000000000000000e+02 5.340060712616070092e-03
8.780000000000000000e+02 5.089583266661910389e-03
8.790000000000000000e+02 4.789121615391460363e-03
8.800000000000000000e+02 4.373524982154809899e-03
8.810000000000000000e+02 4.048441173900320204e-03
8.820000000000000000e+02 3.976658659325530039e-03
8.830000000000000000e+02 3.661087155631269959e-03
8.840000000000000000e+02 3.495132223836469945e-03
8.850000000000000000e+02 3.362997811788140130e-03
8.860000000000000000e+02 3.096009816405869818e-03
8.870000000000000000e+02 2.974776301119749951e-03
8.880000000000000000e+02 2.746582139904050167e-03
8.890000000000000000e+02 2.665960392198059824e-03
8.900000000000000000e+02 2.525499727273510138e-03
8.910000000000000000e+02 2.308027164382579852e-03
8.920000000000000000e+02 2.171480098547630064e-03
8.930000000000000000e+02 2.000321215241510162e-03
8.940000000000000000e+02 1.870203364091980059e-03
8.950000000000000000e+02 1.714530561811609954e-03
8.960000000000000000e+02 1.468131371485469896e-03
8.970000000000000000e+02 1.230729421901579929e-03
8.980000000000000000e+02 1.271402218944569975e-03
8.990000000000000000e+02 8.898604130980510138e-04
9.000000000000000000e+02 1.143495433074790020e-03
9.010000000000000000e+02 8.810203668930489734e-04
9.020000000000000000e+02 8.833371302671299717e-04
9.030000000000000000e+02 8.623334209713459566e-04
9.040000000000000000e+02 9.978868184405229481e-04
9.050000000000000000e+02 9.205746739611530118e-04
9.060000000000000000e+02 8.332673338428929488e-04
9.070000000000000000e+02 6.031691793765089514e-04
9.080000000000000000e+02 5.751063198519780527e-04
9.090000000000000000e+02 5.794392879280129815e-04
9.100000000000000000e+02 4.775279532118650145e-04
9.110000000000000000e+02 4.734688435843320011e-04
9.120000000000000000e+02 4.112616455372480103e-04
9.130000000000000000e+02 3.391468925949720241e-04
9.140000000000000000e+02 3.054118818065620217e-04
9.150000000000000000e+02 2.944671257751069887e-04
9.160000000000000000e+02 2.233982545232669965e-04
9.170000000000000000e+02 2.105623766060669912e-04
9.180000000000000000e+02 1.456766409294930106e-04
9.190000000000000000e+02 1.540500411111820082e-04
9.200000000000000000e+02 1.275965802068159988e-04
9.210000000000000000e+02 1.099751692416670029e-04
9.220000000000000000e+02 6.190940679403879538e-05
9.230000000000000000e+02 4.994448032209510116e-05
9.240000000000000000e+02 3.675665394134530024e-05
9.250000000000000000e+02 2.680692407450670000e-05
9.260000000000000000e+02 1.960724966741079990e-05
9.270000000000000000e+02 1.538704699490730127e-05
9.280000000000000000e+02 8.111249072199059172e-06
9.290000000000000000e+02 3.365161880796970106e-06
9.300000000000000000e+02 1.714895868588289928e-06
9.310000000000000000e+02 1.054152403442120104e-06
9.320000000000000000e+02 4.879640410842370339e-07
9.330000000000000000e+02 2.534457680820479894e-07
9.340000000000000000e+02 9.318246107606879794e-08
9.350000000000000000e+02 1.028784988518049950e-07
9.360000000000000000e+02 2.631368871483859939e-08
9.370000000000000000e+02 1.385919359943079955e-08
9.380000000000000000e+02 8.849249272486229548e-09
9.390000000000000000e+02 9.154177303428540274e-09
9.400000000000000000e+02 5.643378085047640285e-09
9.410000000000000000e+02 1.045682967234659988e-09
9.420000000000000000e+02 5.586800788293960444e-10
9.430000000000000000e+02 1.886703911998700027e-10
9.440000000000000000e+02 7.807393001637219393e-11
9.450000000000000000e+02 4.050097317076789786e-11
9.460000000000000000e+02 8.687112498482540354e-12
9.470000000000000000e+02 6.685123368488980309e-12
9.480000000000000000e+02 1.542136077890439960e-12
9.490000000000000000e+02 8.628661248991119578e-13
9.500000000000000000e+02 1.654618426344249927e-14
9.510000000000000000e+02 1.222523419910159954e-14
9.520000000000000000e+02 1.542128790506239944e-15
9.530000000000000000e+02 3.441113743203110183e-16
9.540000000000000000e+02 7.415376902355359813e-17
9.550000000000000000e+02 1.280905261299179993e-17
9.560000000000000000e+02 2.644335094868949909e-18
9.570000000000000000e+02 6.126890170393249665e-19
9.580000000000000000e+02 2.919541183821360145e-19
9.590000000000000000e+02 8.692361501883920436e-20
9.600000000000000000e+02 3.582657904730539883e-20
9.610000000000000000e+02 8.555213198485989880e-21
9.620000000000000000e+02 5.098794878494260097e-21
9.630000000000000000e+02 3.622028950580439727e-21
9.640000000000000000e+02 2.336558247098269883e-21
9.650000000000000000e+02 1.820832170801220168e-21
9.660000000000000000e+02 1.378579533853069948e-21
9.670000000000000000e+02 1.045240437291830014e-21
9.680000000000000000e+02 1.169952234672060093e-21
9.690000000000000000e+02 1.064038809220160007e-21
9.700000000000000000e+02 8.521987673945049289e-22
9.710000000000000000e+02 8.283575416576660290e-22
9.720000000000000000e+02 6.911005122684280270e-22
9.730000000000000000e+02 5.283946023936730203e-22
9.740000000000000000e+02 4.071164634690509872e-22
9.750000000000000000e+02 4.113742997271920006e-22
9.760000000000000000e+02 3.933040230272639792e-22
9.770000000000000000e+02 4.610311582026820207e-22
9.780000000000000000e+02 4.669588987609609993e-22
9.790000000000000000e+02 5.784678561849339832e-22
9.800000000000000000e+02 6.552964246048549857e-22
9.810000000000000000e+02 9.212025742763979157e-22
9.820000000000000000e+02 1.067556121524800006e-21
9.830000000000000000e+02 1.311801490275560054e-21
9.840000000000000000e+02 1.836969793158910072e-21
9.850000000000000000e+02 2.323450424337550069e-21
9.860000000000000000e+02 3.428356415961509772e-21
9.870000000000000000e+02 4.865576623810359695e-21
9.880000000000000000e+02 6.967649790372479390e-21
9.890000000000000000e+02 1.021883085997969931e-20
9.900000000000000000e+02 1.438010014701299993e-20
9.910000000000000000e+02 2.412845285940659891e-20
9.920000000000000000e+02 3.921676827953889738e-20
9.930000000000000000e+02 5.523364941385359842e-20
9.940000000000000000e+02 8.100899946575359818e-20
9.950000000000000000e+02 1.312206649721149886e-19
9.960000000000000000e+02 2.124141406653580098e-19
9.970000000000000000e+02 3.402853646554120010e-19
9.980000000000000000e+02 5.512398978994639895e-19
9.990000000000000000e+02 8.918481010142740947e-19
1.000000000000000000e+03 1.437304794575249936e-18
1.001000000000000000e+03 2.502505492467510016e-18
1.002000000000000000e+03 4.210856350445199773e-18
1.003000000000000000e+03 6.846678151264700159e-18
1.004000000000000000e+03 1.087310581179619962e-17
1.005000000000000000e+03 1.755132915145480079e-17
1.006000000000000000e+03 3.142347904876409808e-17
1.007000000000000000e+03 5.836724978949159424e-17
1.008000000000000000e+03 1.060845742725349974e-16
1.009000000000000000e+03 1.906459150258750050e-16
1.010000000000000000e+03 3.457354232476580189e-16
1.011000000000000000e+03 6.290552358096029971e-16
1.012000000000000000e+03 1.132700750037920059e-15
1.013000000000000000e+03 1.919880784063389989e-15
1.014000000000000000e+03 3.273553584631700032e-15
1.015000000000000000e+03 5.449921892948820115e-15
1.016000000000000000e+03 9.274238986796910747e-15
1.017000000000000000e+03 1.550706037254220121e-14
1.018000000000000000e+03 2.662409192309270033e-14
1.019000000000000000e+03 4.900859146344550028e-14
1.020000000000000000e+03 9.490900370632519630e-14
1.021000000000000000e+03 1.705845128275449897e-13
1.022000000000000000e+03 3.001510173498519868e-13
1.023000000000000000e+03 5.402617088384749627e-13
1.024000000000000000e+03 9.587951010617419657e-13
1.025000000000000000e+03 1.623055899325919905e-12
1.026000000000000000e+03 2.716128853235589871e-12
1.027000000000000000e+03 4.807218195492259823e-12
1.028000000000000000e+03 8.558651193594079858e-12
1.029000000000000000e+03 1.501967763769599851e-11
1.030000000000000000e+03 2.681476272326479913e-11
1.031000000000000000e+03 3.628633053550079821e-11
1.032000000000000000e+03 4.936583968431090312e-11
1.033000000000000000e+03 6.596575872025279703e-11
1.034000000000000000e+03 1.102782545599259944e-10
1.035000000000000000e+03 1.838567245693259990e-10
1.036000000000000000e+03 2.868955452026390031e-10
1.037000000000000000e+03 4.432660630818440093e-10
1.038000000000000000e+03 6.874571223812639874e-10
1.039000000000000000e+03 1.078725432141830100e-09
1.040000000000000000e+03 1.569054315326630013e-09
1.041000000000000000e+03 2.298434472962109941e-09
1.042000000000000000e+03 3.362565233871510031e-09
1.043000000000000000e+03 4.868182653475429590e-09
1.044000000000000000e+03 6.331433283633390070e-09
1.045000000000000000e+03 8.149977239189689451e-09
1.046000000000000000e+03 1.027534551756230038e-08
1.047000000000000000e+03 1.520552821275340033e-08
1.048000000000000000e+03 2.236071808338730029e-08
1.049000000000000000e+03 2.871291751317730042e-08
1.050000000000000000e+03 3.683805364577980073e-08
1.051000000000000000e+03 4.757235183894959948e-08
1.052000000000000000e+03 6.100290105448050264e-08
1.053000000000000000e+03 7.838700176487370545e-08
1.054000000000000000e+03 1.006104461702899940e-07
1.055000000000000000e+03 1.153605236668839948e-07
1.056000000000000000e+03 1.314514280456019984e-07
1.057000000000000000e+03 1.498886995696249914e-07
1.058000000000000000e+03 1.694648541654689869e-07
1.059000000000000000e+03 1.876950672874920009e-07
1.060000000000000000e+03 2.336691299799829914e-07
1.061000000000000000e+03 2.765614830027600196e-07
1.062000000000000000e+03 3.029598423597389859e-07
1.063000000000000000e+03 3.205674079203660242e-07
1.064000000000000000e+03 3.431711993175550112e-07
1.065000000000000000e+03 3.602084721263139836e-07
1.066000000000000000e+03 3.725279958813209939e-07
1.067000000000000000e+03 4.025267473161150225e-07
1.068000000000000000e+03 4.321032641088730022e-07
1.069000000000000000e+03 4.144202403080759926e-07
1.070000000000000000e+03 4.331849876487819775e-07
1.071000000000000000e+03 4.475551122192870055e-07
1.072000000000000000e+03 4.526162219567279910e-07
1.073000000000000000e+03 4.498681562254580142e-07
1.074000000000000000e+03 4.426579331965979757e-07
1.075000000000000000e+03 4.033929555933369842e-07
1.076000000000000000e+03 3.772532625307980080e-07
1.077000000000000000e+03 3.344918086297739925e-07
1.078000000000000000e+03 3.255055017705430064e-07
1.079000000000000000e+03 3.180550112715189905e-07
1.080000000000000000e+03 3.063022978489540221e-07
1.081000000000000000e+03 2.536582291867680030e-07
1.082000000000000000e+03 2.191125516504850106e-07
1.083000000000000000e+03 1.787713541645300026e-07
1.084000000000000000e+03 1.390772503182520121e-07
1.085000000000000000e+03 1.239511035199490032e-07
1.086000000000000000e+03 1.007053870018899969e-07
1.087000000000000000e+03 8.951706556823949499e-08
1.088000000000000000e+03 7.541699173866200355e-08
1.089000000000000000e+03 5.932953370777350042e-08
1.090000000000000000e+03 4.333349285973959916e-08
1.091000000000000000e+03 3.489245766075380142e-08
1.092000000000000000e+03 2.889883210928800146e-08
1.093000000000000000e+03 2.130936489836210094e-08
1.094000000000000000e+03 1.886241770184019850e-08
1.095000000000000000e+03 1.311618293909919985e-08
1.096000000000000000e+03 9.132840221671030381e-09
1.097000000000000000e+03 6.742812222698060259e-09
1.098000000000000000e+03 3.774302926054190185e-09
1.099000000000000000e+03 3.084260383330609954e-09
1.100000000000000000e+03 2.390551016488230120e-09
1.101000000000000000e+03 1.979476761896150165e-09
1.102000000000000000e+03 1.275868256453719925e-09
1.103000000000000000e+03 8.670810243291180429e-10
1.104000000000000000e+03 6.791626437608619928e-10
1.105000000000000000e+03 5.741583282416720108e-10
1.106000000000000000e+03 3.530881258667740155e-10
1.107000000000000000e+03 2.770574905549610139e-10
1.108000000000000000e+03 1.545290166919549960e-10
1.109000000000000000e+03 1.157512581905429962e-10
1.110000000000000000e+03 1.011908839528109953e-10
1.111000000000000000e+03 5.295918813778310012e-11
1.112000000000000000e+03 4.285569391520630046e-11
1.113000000000000000e+03 1.811978106729559936e-11
1.114000000000000000e+03 1.916115018553460140e-11
1.115000000000000000e+03 1.513871603384130066e-11
1.116000000000000000e+03 1.156702535949450062e-11
1.117000000000000000e+03 2.822300203391519993e-12
1.118000000000000000e+03 4.738513535734979733e-12
1.119000000000000000e+03 1.612049397453709913e-12
1.120000000000000000e+03 1.318844570021150091e-12
1.121000000000000000e+03 1.126939380984970088e-12
1.122000000000000000e+03 2.452993063903650155e-13
1.123000000000000000e+03 1.901551325083919874e-13
1.124000000000000000e+03 9.113635988787089686e-14
1.125000000000000000e+03 6.830661340083909439e-14
1.126000000000000000e+03 1.381657682502169994e-14
1.127000000000000000e+03 1.071867418298589959e-14
1.128000000000000000e+03 1.725766937603869903e-15
1.129000000000000000e+03 5.376416422245840019e-16
1.130000000000000000e+03 1.046589699620060027e-16
1.131000000000000000e+03 1.275130772764499967e-16
1.132000000000000000e+03 8.135932908592490629e-18
1.133000000000000000e+03 4.293221947880509895e-19
1.134000000000000000e+03 1.233525097996409992e-20
1.135000000000000000e+03 4.815280922539870274e-22
1.136000000000000000e+03 4.216586093180820079e-22
1.137000000000000000e+03 5.363522401462920123e-23
1.138000000000000000e+03 2.163702130108730010e-24
1.139000000000000000e+03 1.809588850370719887e-25
1.140000000000000000e+03 1.354503320309310015e-27
1.141000000000000000e+03 8.932499837075040425e-30
1.142000000000000000e+03 3.516864598671469816e-31
1.143000000000000000e+03 1.650729745093280050e-32
1.144000000000000000e+03 2.037946506256990206e-34
1.145000000000000000e+03 1.301652660816199976e-36
1.146000000000000000e+03 6.961878333161309636e-39
1.147000000000000000e+03 1.319705566897299969e-40
1.148000000000000000e+03 3.037853070402199791e-41
1.149000000000000000e+03 1.235611212027189952e-42
1.150000000000000000e+03 3.279666467663270207e-44
1.151000000000000000e+03 2.607852185779250021e-45
1.152000000000000000e+03 1.510564633949450091e-46
1.153000000000000000e+03 7.537245195595560603e-48
1.154000000000000000e+03 2.343688429475060011e-49
1.155000000000000000e+03 1.327580590189260012e-49
1.156000000000000000e+03 3.079188216265089977e-50
1.157000000000000000e+03 8.907551352832579411e-51
1.158000000000000000e+03 3.296640979478760283e-51
1.159000000000000000e+03 1.330098429871090006e-51
1.160000000000000000e+03 4.227195236350850018e-52
1.161000000000000000e+03 1.920931174901619894e-52
1.162000000000000000e+03 7.256915378749779845e-53
1.163000000000000000e+03 7.495676061515360412e-53
1.164000000000000000e+03 4.975162993125529667e-53
1.165000000000000000e+03 3.720349008576110136e-53
1.166000000000000000e+03 2.778904454621999806e-53
1.167000000000000000e+03 2.350880828930779884e-53
1.168000000000000000e+03 1.862219573907429927e-53
1.169000000000000000e+03 1.455207113520729954e-53
1.170000000000000000e+03 1.222417320747799898e-53
1.171000000000000000e+03 9.261759404286010312e-54
1.172000000000000000e+03 3.569383149251700265e-54
1.173000000000000000e+03 1.360689277521859876e-54
1.174000000000000000e+03 1.117663717320509962e-54
1.175000000000000000e+03 1.663219479569970117e-54
1.176000000000000000e+03 1.945602402321270008e-54
1.177000000000000000e+03 1.500066068575450091e-54
1.178000000000000000e+03 8.910866594081900436e-55
1.179000000000000000e+03 9.295463823199419406e-55
1.180000000000000000e+03 6.603172462832539596e-55
1.181000000000000000e+03 5.311455217660639864e-55
1.182000000000000000e+03 2.944571174877240071e-55
1.183000000000000000e+03 2.605496905374869886e-55
1.184000000000000000e+03 1.630297042631670043e-55
1.185000000000000000e+03 1.235706840726790080e-55
1.186000000000000000e+03 1.128833103579750014e-55
1.187000000000000000e+03 8.422595367889939200e-56
1.188000000000000000e+03 4.850663981941040240e-56
1.189000000000000000e+03 4.697364644658019915e-56
1.190000000000000000e+03 4.083273004419529703e-56
1.191000000000000000e+03 3.088670983990860064e-56
1.192000000000000000e+03 2.561390588608039990e-56
1.193000000000000000e+03 1.925071249006540108e-56
1.194000000000000000e+03 1.556815121897820074e-56
1.195000000000000000e+03 1.163440101279999895e-56
1.196000000000000000e+03 8.801543171138699484e-57
1.197000000000000000e+03 1.082674004935539979e-56
1.198000000000000000e+03 1.096332360710309939e-56
1.199000000000000000e+03 1.026949958653590091e-56
1.200000000000000000e+03 2.365231923138510043e-56
1.201000000000000000e+03 4.329859645180909842e-56
1.202000000000000000e+03 3.397342338834569986e-56
1.203000000000000000e+03 2.645867751603100156e-56
1.204000000000000000e+03 1.735244692781129993e-56
1.205000000000000000e+03 3.284995095333320199e-56
1.206000000000000000e+03 5.679803275204440295e-56
1.207000000000000000e+03 7.990390911525359802e-56
1.208000000000000000e+03 8.939400488097970399e-56
1.209000000000000000e+03 9.481192938203820900e-56
1.210000000000000000e+03 1.151079443238870050e-55
1.211000000000000000e+03 1.680457510276030165e-55
1.212000000000000000e+03 2.649192214638249988e-55
1.213000000000000000e+03 4.583245400128460061e-55
1.214000000000000000e+03 4.695770693556899771e-55
1.215000000000000000e+03 5.126934392046899680e-55
1.216000000000000000e+03 6.187315718597879959e-55
1.217000000000000000e+03 1.329713420636770055e-54
1.218000000000000000e+03 2.952789837446029965e-54
1.219000000000000000e+03 6.321105812056619829e-54
1.220000000000000000e+03 7.160324630895500407e-54
1.221000000000000000e+03 8.034330893495029778e-54
1.222000000000000000e+03 8.611986578781180156e-54
1.223000000000000000e+03 1.316910028495349896e-53
1.224000000000000000e+03 2.065551853552609930e-53
1.225000000000000000e+03 3.311922374032829821e-53
1.226000000000000000e+03 3.697993671081459840e-53
1.227000000000000000e+03 3.773440958345240210e-53
1.228000000000000000e+03 4.481318035044330423e-53
1.229000000000000000e+03 6.951005262252239566e-53
1.230000000000000000e+03 1.060216620646019959e-52
1.231000000000000000e+03 1.684729338725349961e-52
1.232000000000000000e+03 2.572570204873809907e-52
1.233000000000000000e+03 3.871991382574599810e-52
1.234000000000000000e+03 6.196202040835269631e-52
1.235000000000000000e+03 9.453611154867759366e-52
1.236000000000000000e+03 1.470740598989239979e-51
1.237000000000000000e+03 2.241237788301550144e-51
1.238000000000000000e+03 2.484841366594410111e-51
1.239000000000000000e+03 2.697589482471280130e-51
1.240000000000000000e+03 2.949421824304680094e-51
1.241000000000000000e+03 4.545977215017299831e-51
1.242000000000000000e+03 6.995630825769940148e-51
1.243000000000000000e+03 1.063969928319600017e-50
1.244000000000000000e+03 1.624157272471660104e-50
1.245000000000000000e+03 2.498472155609610037e-50
1.246000000000000000e+03 3.857210835623050165e-50
1.247000000000000000e+03 5.405142181778000151e-50
1.248000000000000000e+03 7.626334672995899844e-50
1.249000000000000000e+03 1.075754018978599938e-49
1.250000000000000000e+03 1.505434066740420029e-49
1.251000000000000000e+03 2.276625853222650188e-49
1.252000000000000000e+03 3.464245647568930352e-49
1.253000000000000000e+03 5.253043192116840207e-49
1.254000000000000000e+03 5.683449493548820012e-49
1.255000000000000000e+03 6.303534913713700064e-49
1.256000000000000000e+03 6.723790748823889635e-49
1.257000000000000000e+03 7.256907437296709646e-49
1.258000000000000000e+03 8.094804129579700097e-49
1.259000000000000000e+03 8.485397385300379384e-49
1.260000000000000000e+03 1.301609646308810020e-48
1.261000000000000000e+03 1.889370646617470129e-48
1.262000000000000000e+03 2.762660868592930087e-48
1.263000000000000000e+03 3.044583693987169749e-48
1.264000000000000000e+03 3.080711679133649944e-48
1.265000000000000000e+03 3.574051854399010303e-48
1.266000000000000000e+03 3.790643490198609889e-48
1.267000000000000000e+03 4.159397702145660072e-48
1.268000000000000000e+03 4.324590703047889728e-48
1.269000000000000000e+03 3.140654005617590008e-48
1.270000000000000000e+03 3.856065828417289735e-48
1.271000000000000000e+03 3.180688677109860218e-48
1.272000000000000000e+03 2.494266597006950129e-48
1.273000000000000000e+03 1.399348248008899855e-48
1.274000000000000000e+03 7.897143219694349884e-49
1.275000000000000000e+03 4.525645200317999889e-49
1.276000000000000000e+03 3.594663460148339855e-49
1.277000000000000000e+03 2.844656894074049816e-49
1.278000000000000000e+03 2.274864648151360136e-49
1.279000000000000000e+03 1.180936333104460024e-49
1.280000000000000000e+03 6.137959848542739723e-50
1.281000000000000000e+03 3.142916814686820139e-50
1.282000000000000000e+03 1.482893262710849934e-50
1.283000000000000000e+03 6.653437296201660159e-51
1.284000000000000000e+03 2.824298454050280049e-51
1.285000000000000000e+03 1.169376803509160047e-51
1.286000000000000000e+03 6.728686838611459780e-52
1.287000000000000000e+03 3.798760601587120175e-52
1.288000000000000000e+03 2.158303767888380058e-52
1.289000000000000000e+03 8.718859312288560649e-53
1.290000000000000000e+03 3.642051863460040188e-53
1.291000000000000000e+03 1.527136161902030100e-53
1.292000000000000000e+03 6.000776827709690382e-54
1.293000000000000000e+03 1.881828783992699970e-54
1.294000000000000000e+03 5.553983361745870351e-55
1.295000000000000000e+03 1.676915255510340154e-55
1.296000000000000000e+03 3.537940058716960066e-56
1.297000000000000000e+03 7.398530827842939745e-57
1.298000000000000000e+03 1.711860151446190129e-57
1.299000000000000000e+03 4.634730132262909708e-58
1.300000000000000000e+03 1.041593660979190021e-58
1.301000000000000000e+03 2.775127185214610109e-59
1.302000000000000000e+03 7.791362795247269788e-60
1.303000000000000000e+03 8.079904046606539349e-61
1.304000000000000000e+03 8.234073996024430360e-62
1.305000000000000000e+03 1.231140975247360014e-62
1.306000000000000000e+03 1.060451081036070011e-63
1.307000000000000000e+03 7.263744834518990255e-65
1.308000000000000000e+03 7.077441124461719904e-66
1.309000000000000000e+03 8.002280289465939719e-67
1.310000000000000000e+03 6.419463267589620167e-68
1.311000000000000000e+03 7.263865049258770182e-69
1.312000000000000000e+03 7.416332262043200622e-70
1.313000000000000000e+03 3.254041426665160062e-71
1.314000000000000000e+03 1.396768256678590071e-72
1.315000000000000000e+03 6.457766841998399955e-74
1.316000000000000000e+03 3.757250826628789926e-75
1.317000000000000000e+03 1.857553678850459961e-76
1.318000000000000000e+03 1.017519448657350088e-77
1.319000000000000000e+03 4.213286248451950165e-79
1.320000000000000000e+03 7.559033368559619538e-81
1.321000000000000000e+03 1.623601639124689903e-82
1.322000000000000000e+03 3.058627373596229883e-84
1.323000000000000000e+03 7.797152281882909626e-86
1.324000000000000000e+03 2.904485603200820118e-87
1.325000000000000000e+03 1.177260112211839945e-88
1.326000000000000000e+03 3.389539564749559894e-90
1.327000000000000000e+03 1.768050003006030128e-92
1.328000000000000000e+03 8.560601182659210607e-95
1.329000000000000000e+03 3.565081247593200088e-97
1.330000000000000000e+03 9.870813989806450440e-99
1.331000000000000000e+03 1.340496816327750061e-100
1.332000000000000000e+03 2.897133955608950181e-102
1.333000000000000000e+03 8.653803927114240532e-104
1.334000000000000000e+03 1.628247263362300061e-106
1.335000000000000000e+03 5.011877488107859556e-109
1.336000000000000000e+03 8.981155201892719168e-112
1.337000000000000000e+03 1.431347055418270102e-113
1.338000000000000000e+03 2.751158207226640069e-115
1.339000000000000000e+03 4.853806940306170224e-117
1.340000000000000000e+03 8.209190254701879636e-119
1.341000000000000000e+03 7.501404480830960131e-121
1.342000000000000000e+03 7.070888296982280228e-123
1.343000000000000000e+03 4.561729369741979953e-125
1.344000000000000000e+03 2.452198348868179806e-127
1.345000000000000000e+03 3.428416512430329956e-130
1.346000000000000000e+03 1.776717500504780136e-133
1.347000000000000000e+03 1.781390656205540107e-136
1.348000000000000000e+03 4.289639390561540341e-139
1.349000000000000000e+03 4.446467161554850459e-140
1.350000000000000000e+03 1.343109553066659920e-141
1.351000000000000000e+03 1.183215894243930073e-143
1.352000000000000000e+03 7.592650188738709556e-146
1.353000000000000000e+03 9.385685241594179478e-149
1.354000000000000000e+03 5.541209321924910436e-150
1.355000000000000000e+03 1.346206487115920130e-153
1.356000000000000000e+03 8.944998789036159690e-155
1.357000000000000000e+03 6.653570911816380203e-157
1.358000000000000000e+03 1.936672591508240013e-160
1.359000000000000000e+03 4.366263079654579749e-163
1.360000000000000000e+03 1.638748946797550060e-164
1.361000000000000000e+03 4.745635944220910107e-169
1.362000000000000000e+03 2.295090058475640023e-173
1.363000000000000000e+03 1.332001179755280083e-170
1.364000000000000000e+03 1.906172291895489911e-173
1.365000000000000000e+03 4.231505784935470153e-181
1.366000000000000000e+03 1.982091084157039979e-177
1.367000000000000000e+03 1.062037336734159953e-181
1.368000000000000000e+03 4.346308155776970142e-193
1.369000000000000000e+03 2.091684908581429906e-190
1.370000000000000000e+03 3.433987281714240324e-195
1.371000000000000000e+03 6.740125497512139446e-201
1.372000000000000000e+03 2.728641129926350247e-203
1.373000000000000000e+03 1.279807134325290125e-206
1.374000000000000000e+03 6.536368631662030111e-212
1.375000000000000000e+03 1.492713061527189981e-217
1.376000000000000000e+03 1.504480583969200073e-223
1.377000000000000000e+03 9.073469637717269925e-230
1.378000000000000000e+03 1.526107550498910091e-237
1.379000000000000000e+03 1.346264876533550066e-247
1.380000000000000000e+03 3.933393759516770233e-256
1.381000000000000000e+03 2.135874835756850148e-266
1.382000000000000000e+03 1.426492131362930008e-279
1.383000000000000000e+03 1.509153827691389943e-294
1.384000000000000000e+03 0.000000000000000000e+00
1.385000000000000000e+03 0.000000000000000000e+00
1.386000000000000000e+03 0.000000000000000000e+00
1.387000000000000000e+03 0.000000000000000000e+00
1.388000000000000000e+03 0.000000000000000000e+00
1.389000000000000000e+03 0.000000000000000000e+00
1.390000000000000000e+03 0.000000000000000000e+00
1.391000000000000000e+03 0.000000000000000000e+00
1.392000000000000000e+03 0.000000000000000000e+00
1.393000000000000000e+03 0.000000000000000000e+00
1.394000000000000000e+03 0.000000000000000000e+00
1.395000000000000000e+03 0.000000000000000000e+00
1.396000000000000000e+03 0.000000000000000000e+00
1.397000000000000000e+03 0.000000000000000000e+00
1.398000000000000000e+03 0.000000000000000000e+00
1.399000000000000000e+03 0.000000000000000000e+00
1.400000000000000000e+03 0.000000000000000000e+00
1.401000000000000000e+03 0.000000000000000000e+00
1.402000000000000000e+03 0.000000000000000000e+00
1.403000000000000000e+03 0.000000000000000000e+00
1.404000000000000000e+03 0.000000000000000000e+00
1.405000000000000000e+03 0.000000000000000000e+00
1.406000000000000000e+03 0.000000000000000000e+00
1.407000000000000000e+03 0.000000000000000000e+00
1.408000000000000000e+03 0.000000000000000000e+00
1.409000000000000000e+03 0.000000000000000000e+00
1.410000000000000000e+03 0.000000000000000000e+00
1.411000000000000000e+03 0.000000000000000000e+00
1.412000000000000000e+03 0.000000000000000000e+00
1.413000000000000000e+03 0.000000000000000000e+00
1.414000000000000000e+03 0.000000000000000000e+00
1.415000000000000000e+03 0.000000000000000000e+00
1.416000000000000000e+03 0.000000000000000000e+00
1.417000000000000000e+03 0.000000000000000000e+00
1.418000000000000000e+03 0.000000000000000000e+00
1.419000000000000000e+03 0.000000000000000000e+00
1.420000000000000000e+03 0.000000000000000000e+00
1.421000000000000000e+03 0.000000000000000000e+00
1.422000000000000000e+03 0.000000000000000000e+00
1.423000000000000000e+03 0.000000000000000000e+00
1.424000000000000000e+03 0.000000000000000000e+00
1.425000000000000000e+03 0.000000000000000000e+00
1.426000000000000000e+03 0.000000000000000000e+00
1.427000000000000000e+03 0.000000000000000000e+00
1.428000000000000000e+03 0.000000000000000000e+00
1.429000000000000000e+03 0.000000000000000000e+00
1.430000000000000000e+03 0.000000000000000000e+00
1.431000000000000000e+03 0.000000000000000000e+00
1.432000000000000000e+03 0.000000000000000000e+00
1.433000000000000000e+03 0.000000000000000000e+00
1.434000000000000000e+03 0.000000000000000000e+00
1.435000000000000000e+03 0.000000000000000000e+00
1.436000000000000000e+03 0.000000000000000000e+00
1.437000000000000000e+03 0.000000000000000000e+00
1.438000000000000000e+03 0.000000000000000000e+00
1.439000000000000000e+03 0.000000000000000000e+00
1.440000000000000000e+03 0.000000000000000000e+00
1.441000000000000000e+03 0.000000000000000000e+00
1.442000000000000000e+03 0.000000000000000000e+00
1.443000000000000000e+03 0.000000000000000000e+00
1.444000000000000000e+03 0.000000000000000000e+00
1.445000000000000000e+03 0.000000000000000000e+00
1.446000000000000000e+03 0.000000000000000000e+00
1.447000000000000000e+03 0.000000000000000000e+00
1.448000000000000000e+03 0.000000000000000000e+00
1.449000000000000000e+03 0.000000000000000000e+00
1.450000000000000000e+03 0.000000000000000000e+00
1.451000000000000000e+03 0.000000000000000000e+00
1.452000000000000000e+03 0.000000000000000000e+00
1.453000000000000000e+03 0.000000000000000000e+00
1.454000000000000000e+03 0.000000000000000000e+00
1.455000000000000000e+03 0.000000000000000000e+00
1.456000000000000000e+03 0.000000000000000000e+00
1.457000000000000000e+03 0.000000000000000000e+00
1.458000000000000000e+03 0.000000000000000000e+00
1.459000000000000000e+03 0.000000000000000000e+00
1.460000000000000000e+03 0.000000000000000000e+00
1.461000000000000000e+03 0.000000000000000000e+00
1.462000000000000000e+03 0.000000000000000000e+00
1.463000000000000000e+03 0.000000000000000000e+00
1.464000000000000000e+03 0.000000000000000000e+00
1.465000000000000000e+03 0.000000000000000000e+00
1.466000000000000000e+03 0.000000000000000000e+00
1.467000000000000000e+03 0.000000000000000000e+00
1.468000000000000000e+03 0.000000000000000000e+00
1.469000000000000000e+03 0.000000000000000000e+00
1.470000000000000000e+03 0.000000000000000000e+00
1.471000000000000000e+03 0.000000000000000000e+00
1.472000000000000000e+03 0.000000000000000000e+00
1.473000000000000000e+03 0.000000000000000000e+00
1.474000000000000000e+03 0.000000000000000000e+00
1.475000000000000000e+03 0.000000000000000000e+00
1.476000000000000000e+03 0.000000000000000000e+00
1.477000000000000000e+03 0.000000000000000000e+00
1.478000000000000000e+03 0.000000000000000000e+00
1.479000000000000000e+03 0.000000000000000000e+00
1.480000000000000000e+03 0.000000000000000000e+00
1.481000000000000000e+03 0.000000000000000000e+00
1.482000000000000000e+03 0.000000000000000000e+00
1.483000000000000000e+03 0.000000000000000000e+00
1.484000000000000000e+03 0.000000000000000000e+00
1.485000000000000000e+03 0.000000000000000000e+00
1.486000000000000000e+03 0.000000000000000000e+00
1.487000000000000000e+03 0.000000000000000000e+00
1.488000000000000000e+03 0.000000000000000000e+00
1.489000000000000000e+03 0.000000000000000000e+00
1.490000000000000000e+03 0.000000000000000000e+00
1.491000000000000000e+03 0.000000000000000000e+00
1.492000000000000000e+03 0.000000000000000000e+00
1.493000000000000000e+03 0.000000000000000000e+00
1.494000000000000000e+03 0.000000000000000000e+00
1.495000000000000000e+03 0.000000000000000000e+00
1.496000000000000000e+03 0.000000000000000000e+00
1.497000000000000000e+03 0.000000000000000000e+00
1.498000000000000000e+03 0.000000000000000000e+00
1.499000000000000000e+03 0.000000000000000000e+00
1.500000000000000000e+03 0.000000000000000000e+00
1.501000000000000000e+03 0.000000000000000000e+00
1.502000000000000000e+03 0.000000000000000000e+00
1.503000000000000000e+03 0.000000000000000000e+00
1.504000000000000000e+03 0.000000000000000000e+00
1.505000000000000000e+03 0.000000000000000000e+00
1.506000000000000000e+03 0.000000000000000000e+00
1.507000000000000000e+03 0.000000000000000000e+00
1.508000000000000000e+03 0.000000000000000000e+00
1.509000000000000000e+03 0.000000000000000000e+00
1.510000000000000000e+03 0.000000000000000000e+00
1.511000000000000000e+03 0.000000000000000000e+00
1.512000000000000000e+03 0.000000000000000000e+00
1.513000000000000000e+03 0.000000000000000000e+00
1.514000000000000000e+03 0.000000000000000000e+00
1.515000000000000000e+03 0.000000000000000000e+00
1.516000000000000000e+03 0.000000000000000000e+00
1.517000000000000000e+03 0.000000000000000000e+00
1.518000000000000000e+03 0.000000000000000000e+00
1.519000000000000000e+03 0.000000000000000000e+00
1.520000000000000000e+03 0.000000000000000000e+00
1.521000000000000000e+03 0.000000000000000000e+00
1.522000000000000000e+03 0.000000000000000000e+00
1.523000000000000000e+03 0.000000000000000000e+00
1.524000000000000000e+03 0.000000000000000000e+00
1.525000000000000000e+03 0.000000000000000000e+00
1.526000000000000000e+03 0.000000000000000000e+00
1.527000000000000000e+03 0.000000000000000000e+00
1.528000000000000000e+03 0.000000000000000000e+00
1.529000000000000000e+03 0.000000000000000000e+00
1.530000000000000000e+03 0.000000000000000000e+00
1.531000000000000000e+03 0.000000000000000000e+00
1.532000000000000000e+03 0.000000000000000000e+00
1.533000000000000000e+03 0.000000000000000000e+00
1.534000000000000000e+03 0.000000000000000000e+00
1.535000000000000000e+03 0.000000000000000000e+00
1.536000000000000000e+03 0.000000000000000000e+00
1.537000000000000000e+03 0.000000000000000000e+00
1.538000000000000000e+03 0.000000000000000000e+00
1.539000000000000000e+03 0.000000000000000000e+00
1.540000000000000000e+03 0.000000000000000000e+00
1.541000000000000000e+03 0.000000000000000000e+00
1.542000000000000000e+03 0.000000000000000000e+00
1.543000000000000000e+03 0.000000000000000000e+00
1.544000000000000000e+03 0.000000000000000000e+00
1.545000000000000000e+03 0.000000000000000000e+00
1.546000000000000000e+03 0.000000000000000000e+00
1.547000000000000000e+03 0.000000000000000000e+00
1.548000000000000000e+03 0.000000000000000000e+00
1.549000000000000000e+03 0.000000000000000000e+00
1.550000000000000000e+03 0.000000000000000000e+00
1.551000000000000000e+03 0.000000000000000000e+00
1.552000000000000000e+03 0.000000000000000000e+00
1.553000000000000000e+03 0.000000000000000000e+00
1.554000000000000000e+03 0.000000000000000000e+00
1.555000000000000000e+03 0.000000000000000000e+00
1.556000000000000000e+03 0.000000000000000000e+00
1.557000000000000000e+03 0.000000000000000000e+00
1.558000000000000000e+03 0.000000000000000000e+00
1.559000000000000000e+03 0.000000000000000000e+00
1.560000000000000000e+03 0.000000000000000000e+00
1.561000000000000000e+03 0.000000000000000000e+00
1.562000000000000000e+03 0.000000000000000000e+00
1.563000000000000000e+03 0.000000000000000000e+00
1.564000000000000000e+03 0.000000000000000000e+00
1.565000000000000000e+03 0.000000000000000000e+00
1.566000000000000000e+03 0.000000000000000000e+00
1.567000000000000000e+03 0.000000000000000000e+00
1.568000000000000000e+03 0.000000000000000000e+00
1.569000000000000000e+03 0.000000000000000000e+00
1.570000000000000000e+03 0.000000000000000000e+00
1.571000000000000000e+03 0.000000000000000000e+00
1.572000000000000000e+03 0.000000000000000000e+00
1.573000000000000000e+03 0.000000000000000000e+00
1.574000000000000000e+03 0.000000000000000000e+00
1.575000000000000000e+03 0.000000000000000000e+00
1.576000000000000000e+03 0.000000000000000000e+00
1.577000000000000000e+03 0.000000000000000000e+00
1.578000000000000000e+03 0.000000000000000000e+00
1.579000000000000000e+03 0.000000000000000000e+00
1.580000000000000000e+03 0.000000000000000000e+00
1.581000000000000000e+03 0.000000000000000000e+00
1.582000000000000000e+03 0.000000000000000000e+00
1.583000000000000000e+03 0.000000000000000000e+00
1.584000000000000000e+03 0.000000000000000000e+00
1.585000000000000000e+03 0.000000000000000000e+00
1.586000000000000000e+03 0.000000000000000000e+00
1.587000000000000000e+03 0.000000000000000000e+00
1.588000000000000000e+03 0.000000000000000000e+00
1.589000000000000000e+03 0.000000000000000000e+00
1.590000000000000000e+03 0.000000000000000000e+00
1.591000000000000000e+03 0.000000000000000000e+00
1.592000000000000000e+03 0.000000000000000000e+00
1.593000000000000000e+03 0.000000000000000000e+00
1.594000000000000000e+03 0.000000000000000000e+00
1.595000000000000000e+03 0.000000000000000000e+00
1.596000000000000000e+03 0.000000000000000000e+00
1.597000000000000000e+03 0.000000000000000000e+00
1.598000000000000000e+03 0.000000000000000000e+00
1.599000000000000000e+03 0.000000000000000000e+00
1.600000000000000000e+03 0.000000000000000000e+00
1.601000000000000000e+03 0.000000000000000000e+00
1.602000000000000000e+03 0.000000000000000000e+00
1.603000000000000000e+03 0.000000000000000000e+00
1.604000000000000000e+03 0.000000000000000000e+00
1.605000000000000000e+03 0.000000000000000000e+00
1.606000000000000000e+03 0.000000000000000000e+00
1.607000000000000000e+03 0.000000000000000000e+00
1.608000000000000000e+03 0.000000000000000000e+00
1.609000000000000000e+03 0.000000000000000000e+00
1.610000000000000000e+03 0.000000000000000000e+00
1.611000000000000000e+03 0.000000000000000000e+00
1.612000000000000000e+03 0.000000000000000000e+00
1.613000000000000000e+03 0.000000000000000000e+00
1.614000000000000000e+03 0.000000000000000000e+00
1.615000000000000000e+03 0.000000000000000000e+00
1.616000000000000000e+03 0.000000000000000000e+00
1.617000000000000000e+03 0.000000000000000000e+00
1.618000000000000000e+03 0.000000000000000000e+00
1.619000000000000000e+03 0.000000000000000000e+00
1.620000000000000000e+03 0.000000000000000000e+00
1.621000000000000000e+03 0.000000000000000000e+00
1.622000000000000000e+03 0.000000000000000000e+00
1.623000000000000000e+03 0.000000000000000000e+00
1.624000000000000000e+03 0.000000000000000000e+00
1.625000000000000000e+03 0.000000000000000000e+00
1.626000000000000000e+03 0.000000000000000000e+00
1.627000000000000000e+03 0.000000000000000000e+00
1.628000000000000000e+03 0.000000000000000000e+00
1.629000000000000000e+03 2.011668911246590067e-289
1.630000000000000000e+03 3.384033195725450216e-288
1.631000000000000000e+03 5.847951033918200088e-287
1.632000000000000000e+03 1.004596491733289925e-285
1.633000000000000000e+03 1.684634693461349983e-284
1.634000000000000000e+03 2.893883028615990025e-283
1.635000000000000000e+03 2.747027608561060154e-282
1.636000000000000000e+03 2.617083172338720078e-281
1.637000000000000000e+03 2.386918428148660094e-280
1.638000000000000000e+03 2.188758580895089985e-279
1.639000000000000000e+03 2.071646639264869913e-278
1.640000000000000000e+03 1.913763167688560007e-277
1.641000000000000000e+03 1.768618155976040081e-276
1.642000000000000000e+03 1.610101563049820012e-275
1.643000000000000000e+03 1.421814315717480023e-274
1.644000000000000000e+03 1.336015990673770074e-273
1.645000000000000000e+03 7.704072989793449344e-273
1.646000000000000000e+03 4.535973963858339812e-272
1.647000000000000000e+03 2.804569585040890195e-271
1.648000000000000000e+03 1.575970545967289972e-270
1.649000000000000000e+03 9.399401317002669717e-270
1.650000000000000000e+03 5.719593785012500317e-269
1.651000000000000000e+03 4.754156193572489959e-268
1.652000000000000000e+03 4.577473883272450019e-267
1.653000000000000000e+03 4.091362151510959812e-266
1.654000000000000000e+03 3.558977312649539928e-265
1.655000000000000000e+03 3.290261095992029841e-264
1.656000000000000000e+03 1.003472446219109951e-263
1.657000000000000000e+03 3.095256949759309874e-263
1.658000000000000000e+03 9.607798439310769341e-263
1.659000000000000000e+03 2.899277006466510093e-262
1.660000000000000000e+03 8.979286094366670185e-262
1.661000000000000000e+03 2.761173258099650127e-261
1.662000000000000000e+03 9.569646827312700644e-261
1.663000000000000000e+03 3.438774756242070001e-260
1.664000000000000000e+03 1.210155431350669942e-259
1.665000000000000000e+03 4.107274719827010265e-259
1.666000000000000000e+03 1.228735997712869992e-258
1.667000000000000000e+03 3.002182674132510178e-258
1.668000000000000000e+03 6.344511622344149935e-258
1.669000000000000000e+03 1.320106166184700011e-257
1.670000000000000000e+03 2.822081066424029990e-257
1.671000000000000000e+03 5.779925093745950307e-257
1.672000000000000000e+03 1.159200482084930036e-256
1.673000000000000000e+03 2.638918536535719938e-256
1.674000000000000000e+03 5.859423921067280195e-256
1.675000000000000000e+03 1.291139186640330106e-255
1.676000000000000000e+03 2.844771085985420091e-255
1.677000000000000000e+03 6.357372340166780025e-255
1.678000000000000000e+03 6.100452417672929913e-255
1.679000000000000000e+03 6.050701879617160070e-255
1.680000000000000000e+03 5.686872451560670326e-255
1.681000000000000000e+03 5.239154164798410263e-255
1.682000000000000000e+03 5.343109588100109864e-255
1.683000000000000000e+03 5.341750245386870448e-255
1.684000000000000000e+03 5.579239106377470056e-255
1.685000000000000000e+03 6.624011041809299764e-255
1.686000000000000000e+03 7.202887563356239787e-255
1.687000000000000000e+03 7.738499415865959571e-255
1.688000000000000000e+03 8.752546069703289586e-255
1.689000000000000000e+03 9.515494114710729699e-255
1.690000000000000000e+03 1.292024928614040006e-255
1.691000000000000000e+03 8.273072236157810267e-256
1.692000000000000000e+03 6.039542518574229716e-256
1.693000000000000000e+03 4.194622841131350286e-256
1.694000000000000000e+03 2.766499392663209878e-256
1.695000000000000000e+03 1.927880428122720043e-256
1.696000000000000000e+03 1.309276691181579966e-256
1.697000000000000000e+03 7.715627657883329487e-257
1.698000000000000000e+03 6.012302535193309789e-257
1.699000000000000000e+03 4.054876648953529789e-257
1.700000000000000000e+03 2.682543251476690012e-257
1.702000000000000000e+03 9.797521883000410713e-258
1.705000000000000000e+03 2.032824203137690025e-258
1.710000000000000000e+03 1.521960297332469938e-262
1.715000000000000000e+03 6.103467765666780174e-266
1.720000000000000000e+03 5.328812214203490099e-270
1.725000000000000000e+03 2.961864319694510303e-275
1.730000000000000000e+03 2.596899495427070115e-281
1.735000000000000000e+03 6.849424150585770436e-286
1.740000000000000000e+03 0.000000000000000000e+00
1.745000000000000000e+03 0.000000000000000000e+00
1.750000000000000000e+03 0.000000000000000000e+00
1.755000000000000000e+03 0.000000000000000000e+00
1.760000000000000000e+03 0.000000000000000000e+00
1.765000000000000000e+03 0.000000000000000000e+00
1.770000000000000000e+03 0.000000000000000000e+00
1.775000000000000000e+03 0.000000000000000000e+00
1.780000000000000000e+03 0.000000000000000000e+00
1.785000000000000000e+03 0.000000000000000000e+00
1.790000000000000000e+03 0.000000000000000000e+00
1.795000000000000000e+03 0.000000000000000000e+00
1.800000000000000000e+03 0.000000000000000000e+00
1.805000000000000000e+03 0.000000000000000000e+00
1.810000000000000000e+03 0.000000000000000000e+00
1.815000000000000000e+03 0.000000000000000000e+00
1.820000000000000000e+03 0.000000000000000000e+00
1.825000000000000000e+03 0.000000000000000000e+00
1.830000000000000000e+03 0.000000000000000000e+00
1.835000000000000000e+03 0.000000000000000000e+00
1.840000000000000000e+03 0.000000000000000000e+00
1.845000000000000000e+03 0.000000000000000000e+00
1.850000000000000000e+03 0.000000000000000000e+00
1.855000000000000000e+03 0.000000000000000000e+00
1.860000000000000000e+03 0.000000000000000000e+00
1.865000000000000000e+03 0.000000000000000000e+00
1.870000000000000000e+03 0.000000000000000000e+00
1.875000000000000000e+03 0.000000000000000000e+00
1.880000000000000000e+03 0.000000000000000000e+00
1.885000000000000000e+03 0.000000000000000000e+00
1.890000000000000000e+03 0.000000000000000000e+00
1.895000000000000000e+03 0.000000000000000000e+00
1.900000000000000000e+03 0.000000000000000000e+00
1.905000000000000000e+03 0.000000000000000000e+00
1.910000000000000000e+03 0.000000000000000000e+00
1.915000000000000000e+03 0.000000000000000000e+00
1.920000000000000000e+03 0.000000000000000000e+00
1.925000000000000000e+03 0.000000000000000000e+00
1.930000000000000000e+03 0.000000000000000000e+00
1.935000000000000000e+03 0.000000000000000000e+00
1.940000000000000000e+03 0.000000000000000000e+00
1.945000000000000000e+03 0.000000000000000000e+00
1.950000000000000000e+03 0.000000000000000000e+00
1.955000000000000000e+03 0.000000000000000000e+00
1.960000000000000000e+03 0.000000000000000000e+00
1.965000000000000000e+03 0.000000000000000000e+00
1.970000000000000000e+03 0.000000000000000000e+00
1.975000000000000000e+03 0.000000000000000000e+00
1.980000000000000000e+03 0.000000000000000000e+00
1.985000000000000000e+03 0.000000000000000000e+00
1.990000000000000000e+03 0.000000000000000000e+00
1.995000000000000000e+03 0.000000000000000000e+00
2.000000000000000000e+03 0.000000000000000000e+00
2.005000000000000000e+03 0.000000000000000000e+00
2.010000000000000000e+03 0.000000000000000000e+00
2.015000000000000000e+03 0.000000000000000000e+00
2.020000000000000000e+03 0.000000000000000000e+00
2.025000000000000000e+03 0.000000000000000000e+00
2.030000000000000000e+03 0.000000000000000000e+00
2.035000000000000000e+03 0.000000000000000000e+00
2.040000000000000000e+03 0.000000000000000000e+00
2.045000000000000000e+03 0.000000000000000000e+00
2.050000000000000000e+03 0.000000000000000000e+00
2.055000000000000000e+03 0.000000000000000000e+00
2.060000000000000000e+03 0.000000000000000000e+00
2.065000000000000000e+03 0.000000000000000000e+00
2.070000000000000000e+03 0.000000000000000000e+00
2.075000000000000000e+03 0.000000000000000000e+00
2.080000000000000000e+03 0.000000000000000000e+00
2.085000000000000000e+03 0.000000000000000000e+00
2.090000000000000000e+03 0.000000000000000000e+00
2.095000000000000000e+03 0.000000000000000000e+00
2.100000000000000000e+03 0.000000000000000000e+00
2.105000000000000000e+03 0.000000000000000000e+00
2.110000000000000000e+03 0.000000000000000000e+00
2.115000000000000000e+03 0.000000000000000000e+00
2.120000000000000000e+03 0.000000000000000000e+00
2.125000000000000000e+03 0.000000000000000000e+00
2.130000000000000000e+03 0.000000000000000000e+00
2.135000000000000000e+03 0.000000000000000000e+00
2.140000000000000000e+03 0.000000000000000000e+00
2.145000000000000000e+03 0.000000000000000000e+00
2.150000000000000000e+03 0.000000000000000000e+00
2.155000000000000000e+03 0.000000000000000000e+00
2.160000000000000000e+03 0.000000000000000000e+00
2.165000000000000000e+03 0.000000000000000000e+00
2.170000000000000000e+03 0.000000000000000000e+00
2.175000000000000000e+03 0.000000000000000000e+00
2.180000000000000000e+03 0.000000000000000000e+00
2.185000000000000000e+03 0.000000000000000000e+00
2.190000000000000000e+03 0.000000000000000000e+00
2.195000000000000000e+03 0.000000000000000000e+00
2.200000000000000000e+03 0.000000000000000000e+00
2.205000000000000000e+03 0.000000000000000000e+00
2.210000000000000000e+03 0.000000000000000000e+00
2.215000000000000000e+03 0.000000000000000000e+00
2.220000000000000000e+03 0.000000000000000000e+00
2.225000000000000000e+03 0.000000000000000000e+00
2.230000000000000000e+03 0.000000000000000000e+00
2.235000000000000000e+03 0.000000000000000000e+00
2.240000000000000000e+03 0.000000000000000000e+00
2.245000000000000000e+03 0.000000000000000000e+00
2.250000000000000000e+03 0.000000000000000000e+00
2.255000000000000000e+03 0.000000000000000000e+00
2.260000000000000000e+03 0.000000000000000000e+00
2.265000000000000000e+03 0.000000000000000000e+00
2.270000000000000000e+03 0.000000000000000000e+00
2.275000000000000000e+03 0.000000000000000000e+00
2.280000000000000000e+03 0.000000000000000000e+00
2.285000000000000000e+03 0.000000000000000000e+00
2.290000000000000000e+03 0.000000000000000000e+00
2.295000000000000000e+03 0.000000000000000000e+00
2.300000000000000000e+03 0.000000000000000000e+00
2.305000000000000000e+03 0.000000000000000000e+00
2.310000000000000000e+03 0.000000000000000000e+00
2.315000000000000000e+03 0.000000000000000000e+00
2.320000000000000000e+03 0.000000000000000000e+00
2.325000000000000000e+03 0.000000000000000000e+00
2.330000000000000000e+03 0.000000000000000000e+00
2.335000000000000000e+03 0.000000000000000000e+00
2.340000000000000000e+03 0.000000000000000000e+00
2.345000000000000000e+03 0.000000000000000000e+00
2.350000000000000000e+03 0.000000000000000000e+00
2.355000000000000000e+03 0.000000000000000000e+00
2.360000000000000000e+03 0.000000000000000000e+00
2.365000000000000000e+03 0.000000000000000000e+00
2.370000000000000000e+03 0.000000000000000000e+00
2.375000000000000000e+03 0.000000000000000000e+00
2.380000000000000000e+03 0.000000000000000000e+00
2.385000000000000000e+03 0.000000000000000000e+00
2.390000000000000000e+03 0.000000000000000000e+00
2.395000000000000000e+03 0.000000000000000000e+00
2.400000000000000000e+03 0.000000000000000000e+00
2.405000000000000000e+03 0.000000000000000000e+00
2.410000000000000000e+03 0.000000000000000000e+00
2.415000000000000000e+03 0.000000000000000000e+00
2.420000000000000000e+03 0.000000000000000000e+00
2.425000000000000000e+03 0.000000000000000000e+00
2.430000000000000000e+03 0.000000000000000000e+00
2.435000000000000000e+03 0.000000000000000000e+00
2.440000000000000000e+03 0.000000000000000000e+00
2.445000000000000000e+03 0.000000000000000000e+00
2.450000000000000000e+03 0.000000000000000000e+00
2.455000000000000000e+03 0.000000000000000000e+00
2.460000000000000000e+03 0.000000000000000000e+00
2.465000000000000000e+03 0.000000000000000000e+00
2.470000000000000000e+03 0.000000000000000000e+00
2.475000000000000000e+03 0.000000000000000000e+00
2.480000000000000000e+03 0.000000000000000000e+00
2.485000000000000000e+03 0.000000000000000000e+00
2.490000000000000000e+03 0.000000000000000000e+00
2.495000000000000000e+03 0.000000000000000000e+00
2.500000000000000000e+03 0.000000000000000000e+00
