3.000000000000000000e+02 4.227463708425550091e-04
3.005000000000000000e+02 5.305484917519750132e-04
3.010000000000000000e+02 8.534346724704000315e-04
3.015000000000000000e+02 1.226766365702980062e-03
3.020000000000000000e+02 1.358303420032469901e-03
3.025000000000000000e+02 2.039493604245989911e-03
3.030000000000000000e+02 3.477133452011480202e-03
3.035000000000000000e+02 4.479072160355880225e-03
3.040000000000000000e+02 4.763775564848959747e-03
3.045000000000000000e+02 6.048898011018009890e-03
3.050000000000000000e+02 8.356305427359640367e-03
3.055000000000000000e+02 9.543944286480610453e-03
3.060000000000000000e+02 9.515040008182200360e-03
3.065000000000000000e+02 1.085597414834509923e-02
3.070000000000000000e+02 1.432175203775089972e-02
3.075000000000000000e+02 1.830134984930369829e-02
3.080000000000000000e+02 1.952208222535219834e-02
3.085000000000000000e+02 2.142192960859160000e-02
3.090000000000000000e+02 2.101605518982930035e-02
3.095000000000000000e+02 2.232614522961439904e-02
3.100000000000000000e+02 2.627228484960340144e-02
3.105000000000000000e+02 3.389881429379849875e-02
3.110000000000000000e+02 4.291802137806510070e-02
3.115000000000000000e+02 4.368101735238379829e-02
3.120000000000000000e+02 4.820500836068240119e-02
3.125000000000000000e+02 5.096125768577879772e-02
3.130000000000000000e+02 5.531505355675730290e-02
3.135000000000000000e+02 5.600200221334449696e-02
3.140000000000000000e+02 6.199988391143480132e-02
3.145000000000000000e+02 6.699908627610680345e-02
3.150000000000000000e+02 7.010310625157889497e-02
3.155000000000000000e+02 6.172064384738500109e-02
3.160000000000000000e+02 6.392017259169739674e-02
3.165000000000000000e+02 7.734141175123700196e-02
3.170000000000000000e+02 8.874920972385630380e-02
3.175000000000000000e+02 9.519867016461819320e-02
3.180000000000000000e+02 9.153917874683309419e-02
3.185000000000000000e+02 9.565233055436600518e-02
3.190000000000000000e+02 1.049559271727270038e-01
3.195000000000000000e+02 1.023629074211939993e-01
3.200000000000000000e+02 1.080236674578590045e-01
3.205000000000000000e+02 1.275266034602960119e-01
3.210000000000000000e+02 1.286485194970939938e-01
3.215000000000000000e+02 1.229966977857540056e-01
3.220000000000000000e+02 1.171460028843540058e-01
3.225000000000000000e+02 1.150064958665329984e-01
3.230000000000000000e+02 1.117395801516630066e-01
3.235000000000000000e+02 1.288330365067849870e-01
3.240000000000000000e+02 1.429535324154170006e-01
3.245000000000000000e+02 1.489549356727019880e-01
3.250000000000000000e+02 1.493934079367320034e-01
3.255000000000000000e+02 1.729227493676190053e-01
3.260000000000000000e+02 2.013011364440580042e-01
3.265000000000000000e+02 2.138905003600529986e-01
3.270000000000000000e+02 2.108302865856770125e-01
3.275000000000000000e+02 2.056319031022700028e-01
3.280000000000000000e+02 1.911201836119739983e-01
3.285000000000000000e+02 1.999386028970930040e-01
3.290000000000000000e+02 2.254074582274570027e-01
3.295000000000000000e+02 2.503693264243689875e-01
3.300000000000000000e+02 2.536712439781830253e-01
3.305000000000000000e+02 2.335442127314729943e-01
3.310000000000000000e+02 2.213576102440610038e-01
3.315000000000000000e+02 2.292157631758030001e-01
3.320000000000000000e+02 2.377892287602149934e-01
3.325000000000000000e+02 2.393231696105609929e-01
3.330000000000000000e+02 2.356240789457050011e-01
3.335000000000000000e+02 2.260339430068520061e-01
3.340000000000000000e+02 2.315594383205079876e-01
3.345000000000000000e+02 2.473172572122289969e-01
3.350000000000000000e+02 2.575622721846049790e-01
3.355000000000000000e+02 2.519917564888429773e-01
3.360000000000000000e+02 2.318328743827179905e-01
3.365000000000000000e+02 2.152214400101929992e-01
3.370000000000000000e+02 2.120623116636229932e-01
3.375000000000000000e+02 2.283827734559109868e-01
3.380000000000000000e+02 2.468594592895879958e-01
3.385000000000000000e+02 2.589350285444019795e-01
3.390000000000000000e+02 2.643757028971189804e-01
3.395000000000000000e+02 2.718119137769289817e-01
3.400000000000000000e+02 2.896144957643470019e-01
3.405000000000000000e+02 2.898479092432330040e-01
3.410000000000000000e+02 2.729143686351729881e-01
3.415000000000000000e+02 2.722241406583609802e-01
3.420000000000000000e+02 2.847024661129000100e-01
3.425000000000000000e+02 2.962787646478419745e-01
3.430000000000000000e+02 3.018555893297519832e-01
3.435000000000000000e+02 2.861819808604340043e-01
3.440000000000000000e+02 2.481523111183699948e-01
3.445000000000000000e+02 2.392873928153720076e-01
3.450000000000000000e+02 2.728062061766520219e-01
3.455000000000000000e+02 2.915711051577810076e-01
3.460000000000000000e+02 2.854943729228709981e-01
3.465000000000000000e+02 2.915942786980090240e-01
3.470000000000000000e+02 2.972658001375599879e-01
3.475000000000000000e+02 2.878563900865149794e-01
3.480000000000000000e+02 2.874869207646020275e-01
3.485000000000000000e+02 2.932303017611960216e-01
3.490000000000000000e+02 2.832925861467159856e-01
3.495000000000000000e+02 2.917669341506849978e-01
3.500000000000000000e+02 3.231940153127140225e-01
3.505000000000000000e+02 3.483997593402869963e-01
3.510000000000000000e+02 3.399591544766539797e-01
3.515000000000000000e+02 3.281043332503940091e-01
3.520000000000000000e+02 3.211681274683260146e-01
3.525000000000000000e+02 3.043222961418899919e-01
3.530000000000000000e+02 3.242564748186280155e-01
3.535000000000000000e+02 3.575255424203739874e-01
3.540000000000000000e+02 3.789637516830809960e-01
3.545000000000000000e+02 3.841559906874150165e-01
3.550000000000000000e+02 3.851874330696389848e-01
3.555000000000000000e+02 3.728423072956509876e-01
3.560000000000000000e+02 3.507553143851659949e-01
3.565000000000000000e+02 3.298147941139369932e-01
3.570000000000000000e+02 2.907867532938960276e-01
3.575000000000000000e+02 2.949967730762759754e-01
3.580000000000000000e+02 2.752008714475119855e-01
3.585000000000000000e+02 2.561606290609449998e-01
3.590000000000000000e+02 3.020576083702999903e-01
3.595000000000000000e+02 3.648383195392400080e-01
3.600000000000000000e+02 3.868672951718509778e-01
3.605000000000000000e+02 3.664662258212039725e-01
3.610000000000000000e+02 3.380145162224240107e-01
3.615000000000000000e+02 3.318254216012129776e-01
3.620000000000000000e+02 3.486552059654760005e-01
3.625000000000000000e+02 3.827792403673960231e-01
3.630000000000000000e+02 3.946856160629089727e-01
3.635000000000000000e+02 3.847688949267419889e-01
3.640000000000000000e+02 3.994128005765070211e-01
3.645000000000000000e+02 3.965608765392770185e-01
3.650000000000000000e+02 4.126998768519820060e-01
3.655000000000000000e+02 4.551900113831189865e-01
3.660000000000000000e+02 4.887833604629209794e-01
3.665000000000000000e+02 4.906687686096780077e-01
3.670000000000000000e+02 4.825711357968390236e-01
3.675000000000000000e+02 4.744422511352660021e-01
3.680000000000000000e+02 4.476051416820390205e-01
3.685000000000000000e+02 4.455459429690389883e-01
3.690000000000000000e+02 4.667112484399549843e-01
3.695000000000000000e+02 5.024435034304189918e-01
3.700000000000000000e+02 5.104971311672450440e-01
3.705000000000000000e+02 4.624440422772109760e-01
3.710000000000000000e+02 4.706929245735639866e-01
3.715000000000000000e+02 4.901021288431079981e-01
3.720000000000000000e+02 4.596964726017950253e-01
3.725000000000000000e+02 4.387925648553829827e-01
3.730000000000000000e+02 4.234324200599490218e-01
3.735000000000000000e+02 3.824161710334770259e-01
3.740000000000000000e+02 3.821288062525859952e-01
3.745000000000000000e+02 3.800122905671460272e-01
3.750000000000000000e+02 4.062533024664690129e-01
3.755000000000000000e+02 4.500483691243569728e-01
3.760000000000000000e+02 4.669210888753340116e-01
3.765000000000000000e+02 4.602198343835919858e-01
3.770000000000000000e+02 4.946191434391910002e-01
3.775000000000000000e+02 5.527581512090340432e-01
3.780000000000000000e+02 5.965418165405760309e-01
3.785000000000000000e+02 5.825065039734680372e-01
3.790000000000000000e+02 5.204559992781829791e-01
3.795000000000000000e+02 4.674505470588040112e-01
3.800000000000000000e+02 4.921658026113959750e-01
3.805000000000000000e+02 5.282242607432640069e-01
3.810000000000000000e+02 5.383938341203720057e-01
3.815000000000000000e+02 4.860719726500160043e-01
3.820000000000000000e+02 4.150729180512749972e-01
3.825000000000000000e+02 3.597221272569460226e-01
3.830000000000000000e+02 3.230052868668579769e-01
3.835000000000000000e+02 3.132263130814110230e-01
3.840000000000000000e+02 3.630215052441440049e-01
3.845000000000000000e+02 4.377254318868240013e-01
3.850000000000000000e+02 4.812516005359829818e-01
3.855000000000000000e+02 4.605818650715379770e-01
3.860000000000000000e+02 4.450968789528900182e-01
3.865000000000000000e+02 4.635403384577849728e-01
3.870000000000000000e+02 4.684381455687949836e-01
3.875000000000000000e+02 4.623826749588190177e-01
3.880000000000000000e+02 4.586128476673140275e-01
3.885000000000000000e+02 4.560768250616190067e-01
3.890000000000000000e+02 4.958756427056419946e-01
3.895000000000000000e+02 5.504210553668690276e-01
3.900000000000000000e+02 5.782906137214199882e-01
3.905000000000000000e+02 5.840382033440859599e-01
3.910000000000000000e+02 6.196119250017519953e-01
3.915000000000000000e+02 6.293363322290850270e-01
3.920000000000000000e+02 5.802592373615419463e-01
3.925000000000000000e+02 4.843506635375480207e-01
3.930000000000000000e+02 3.512064144300570123e-01
3.935000000000000000e+02 2.796830530326909758e-01
3.940000000000000000e+02 3.638491330836999826e-01
3.945000000000000000e+02 5.026268066152760339e-01
3.950000000000000000e+02 5.944451066713859477e-01
3.955000000000000000e+02 6.340292299667740217e-01
3.960000000000000000e+02 5.582552931491809867e-01
3.965000000000000000e+02 4.064933400043390099e-01
3.970000000000000000e+02 3.153006664359639943e-01
3.975000000000000000e+02 4.662818645197630008e-01
3.980000000000000000e+02 6.323182283672410531e-01
3.985000000000000000e+02 7.477228135205610249e-01
3.990000000000000000e+02 7.949655391363199541e-01
3.995000000000000000e+02 8.203119607913179623e-01
4.000000000000000000e+02 8.302035659345500251e-01
4.010000000000000000e+02 8.667099397096209579e-01
4.020000000000000000e+02 9.031497081129650217e-01
4.030000000000000000e+02 8.715879386326379485e-01
4.040000000000000000e+02 8.875950165329260511e-01
4.050000000000000000e+02 8.676639840160960127e-01
4.060000000000000000e+02 8.480272565422040110e-01
4.070000000000000000e+02 8.346972047010110529e-01
4.080000000000000000e+02 8.734510093967520206e-01
4.090000000000000000e+02 9.347495115686149658e-01
4.100000000000000000e+02 7.983303776189210055e-01
4.110000000000000000e+02 8.954388448397779809e-01
4.120000000000000000e+02 9.536089743699569521e-01
4.130000000000000000e+02 9.164958741977210499e-01
4.140000000000000000e+02 9.081677716593720140e-01
4.150000000000000000e+02 9.418382895380480457e-01
4.160000000000000000e+02 9.717905424656869684e-01
4.170000000000000000e+02 9.495691008221840423e-01
4.180000000000000000e+02 9.099826085154929523e-01
4.190000000000000000e+02 9.487202795355650364e-01
4.200000000000000000e+02 8.708020592302749829e-01
4.210000000000000000e+02 9.906219059557850315e-01
4.220000000000000000e+02 9.788052417702389763e-01
4.230000000000000000e+02 9.494181215202089907e-01
4.240000000000000000e+02 9.457963991207060106e-01
4.250000000000000000e+02 9.762820230007489553e-01
4.260000000000000000e+02 9.499954314436820368e-01
4.270000000000000000e+02 9.191792439442320051e-01
4.280000000000000000e+02 9.295557694330529586e-01
4.290000000000000000e+02 8.619172556242939987e-01
4.300000000000000000e+02 6.885533420057560194e-01
4.310000000000000000e+02 6.260367500686040421e-01
4.320000000000000000e+02 1.043006006534229924e+00
4.330000000000000000e+02 9.717609773447980492e-01
4.340000000000000000e+02 8.989206806808830441e-01
4.350000000000000000e+02 9.874549670208450092e-01
4.360000000000000000e+02 1.084414613780509962e+00
4.370000000000000000e+02 1.108101804319489903e+00
4.380000000000000000e+02 9.736142940742970042e-01
4.390000000000000000e+02 9.380066627787779776e-01
4.400000000000000000e+02 1.076670720363299916e+00
4.410000000000000000e+02 1.063333873625980086e+00
4.420000000000000000e+02 1.139582935378600004e+00
4.430000000000000000e+02 1.157267582183850063e+00
4.440000000000000000e+02 1.129047287781949960e+00
4.450000000000000000e+02 1.173340334475059921e+00
4.460000000000000000e+02 1.053173437056130091e+00
4.470000000000000000e+02 1.198789274270029903e+00
4.480000000000000000e+02 1.214684049173260005e+00
4.490000000000000000e+02 1.213170187148439938e+00
4.500000000000000000e+02 1.259063592887339933e+00
4.510000000000000000e+02 1.307186298295140103e+00
4.520000000000000000e+02 1.252795372562010012e+00
4.530000000000000000e+02 1.157983662148940107e+00
4.540000000000000000e+02 1.243308932643419906e+00
4.550000000000000000e+02 1.235736688323209931e+00
4.560000000000000000e+02 1.277762736931149945e+00
4.570000000000000000e+02 1.289708340839069933e+00
4.580000000000000000e+02 1.263394021159129910e+00
4.590000000000000000e+02 1.254652776629040067e+00
4.600000000000000000e+02 1.247768437209179959e+00
4.610000000000000000e+02 1.292773288393550102e+00
4.620000000000000000e+02 1.305873833302459985e+00
4.630000000000000000e+02 1.311462203848009933e+00
4.640000000000000000e+02 1.272503359041140092e+00
4.650000000000000000e+02 1.257630934175979931e+00
4.660000000000000000e+02 1.285147983193940080e+00
4.670000000000000000e+02 1.228852438015100024e+00
4.680000000000000000e+02 1.283208624887719917e+00
4.690000000000000000e+02 1.289669544764570075e+00
4.700000000000000000e+02 1.240938246819379920e+00
4.710000000000000000e+02 1.262557386841010043e+00
4.720000000000000000e+02 1.328911206070890083e+00
4.730000000000000000e+02 1.278235086441239954e+00
4.740000000000000000e+02 1.293406775967330002e+00
4.750000000000000000e+02 1.336851605598009973e+00
4.760000000000000000e+02 1.292145159284810108e+00
4.770000000000000000e+02 1.300660771044519937e+00
4.780000000000000000e+02 1.343536881161619956e+00
4.790000000000000000e+02 1.318447301878999944e+00
4.800000000000000000e+02 1.341104401067729990e+00
4.810000000000000000e+02 1.341500546255339987e+00
4.820000000000000000e+02 1.346935217162319898e+00
4.830000000000000000e+02 1.331054843922570008e+00
4.840000000000000000e+02 1.306186501431829905e+00
4.850000000000000000e+02 1.302146847813220099e+00
4.860000000000000000e+02 1.055936140416980029e+00
4.870000000000000000e+02 1.182481981813199967e+00
4.880000000000000000e+02 1.279876247278159962e+00
4.890000000000000000e+02 1.205631319600120044e+00
4.900000000000000000e+02 1.347140106971230100e+00
4.910000000000000000e+02 1.294698887841450041e+00
4.920000000000000000e+02 1.234252273405620048e+00
4.930000000000000000e+02 1.319821684997360078e+00
4.940000000000000000e+02 1.288165169380220076e+00
4.950000000000000000e+02 1.367014758137599983e+00
4.960000000000000000e+02 1.299336620058610059e+00
4.970000000000000000e+02 1.320504097393099929e+00
4.980000000000000000e+02 1.283557540713579970e+00
4.990000000000000000e+02 1.282397604853219963e+00
5.000000000000000000e+02 1.276852092978129960e+00
5.010000000000000000e+02 1.236512278146300048e+00
5.020000000000000000e+02 1.234507020888679918e+00
5.030000000000000000e+02 1.289770231224740105e+00
5.040000000000000000e+02 1.200812693659859987e+00
5.050000000000000000e+02 1.285229922182780093e+00
5.060000000000000000e+02 1.335280687762349983e+00
5.070000000000000000e+02 1.275775006220229990e+00
5.080000000000000000e+02 1.241585293451030081e+00
5.090000000000000000e+02 1.299266844538399912e+00
5.100000000000000000e+02 1.263748551971509926e+00
5.110000000000000000e+02 1.285145432696090051e+00
5.120000000000000000e+02 1.317269698213159979e+00
5.130000000000000000e+02 1.235836565731170067e+00
5.140000000000000000e+02 1.208034920840250104e+00
5.150000000000000000e+02 1.241288041917719909e+00
5.160000000000000000e+02 1.250997323677470074e+00
5.170000000000000000e+02 1.018014784761150038e+00
5.180000000000000000e+02 1.162657656345589929e+00
5.190000000000000000e+02 1.126767048859349973e+00
5.200000000000000000e+02 1.230051923449049900e+00
5.210000000000000000e+02 1.238675546204969891e+00
5.220000000000000000e+02 1.266149923265549981e+00
5.230000000000000000e+02 1.194844921762989953e+00
5.240000000000000000e+02 1.286537190440899980e+00
5.250000000000000000e+02 1.274749575686140002e+00
5.260000000000000000e+02 1.237567582093280105e+00
5.270000000000000000e+02 1.083385239451519988e+00
5.280000000000000000e+02 1.241222783598340040e+00
5.290000000000000000e+02 1.298700306563489892e+00
5.300000000000000000e+02 1.247994209496839924e+00
5.310000000000000000e+02 1.314722302701559986e+00
5.320000000000000000e+02 1.289383351395829935e+00
5.330000000000000000e+02 1.150524304073260007e+00
5.340000000000000000e+02 1.231505867968849977e+00
5.350000000000000000e+02 1.248925685129059993e+00
5.360000000000000000e+02 1.300976123794499895e+00
5.370000000000000000e+02 1.203009455008019923e+00
5.380000000000000000e+02 1.262401596729070041e+00
5.390000000000000000e+02 1.229849354681360030e+00
5.400000000000000000e+02 1.186160650427640073e+00
5.410000000000000000e+02 1.139870679356270067e+00
5.420000000000000000e+02 1.240149721989719955e+00
5.430000000000000000e+02 1.217239925318609917e+00
5.440000000000000000e+02 1.257340353763130025e+00
5.450000000000000000e+02 1.226993806087079975e+00
5.460000000000000000e+02 1.214057080262139987e+00
5.470000000000000000e+02 1.227833023955720027e+00
5.480000000000000000e+02 1.190897300644429890e+00
5.490000000000000000e+02 1.225561584270949966e+00
5.500000000000000000e+02 1.213377626601799930e+00
5.510000000000000000e+02 1.209791756765449922e+00
5.520000000000000000e+02 1.232145619697710082e+00
5.530000000000000000e+02 1.195238866986860105e+00
5.540000000000000000e+02 1.216561474902640105e+00
5.550000000000000000e+02 1.221866951373409949e+00
5.560000000000000000e+02 1.199647406890349988e+00
5.570000000000000000e+02 1.169243132724270051e+00
5.580000000000000000e+02 1.193440277249959935e+00
5.590000000000000000e+02 1.128036771182149955e+00
5.600000000000000000e+02 1.146828423618700077e+00
5.610000000000000000e+02 1.212184407850080081e+00
5.620000000000000000e+02 1.152950010996979913e+00
5.630000000000000000e+02 1.195507710317619932e+00
5.640000000000000000e+02 1.170911958763110050e+00
5.650000000000000000e+02 1.176413484278630017e+00
5.660000000000000000e+02 1.110772079318129935e+00
5.670000000000000000e+02 1.182508456027369981e+00
5.680000000000000000e+02 1.170342702125209966e+00
5.690000000000000000e+02 1.139341771381420010e+00
5.700000000000000000e+02 1.137527966545510028e+00
5.710000000000000000e+02 1.097506757270579891e+00
5.720000000000000000e+02 1.156293863142749956e+00
5.730000000000000000e+02 1.157794595897309931e+00
5.740000000000000000e+02 1.148322974627350002e+00
5.750000000000000000e+02 1.118315890818520009e+00
5.760000000000000000e+02 1.104950171046630070e+00
5.770000000000000000e+02 1.128785979631969916e+00
5.780000000000000000e+02 1.090064058199359920e+00
5.790000000000000000e+02 1.099770899722360085e+00
5.800000000000000000e+02 1.112228534316920037e+00
5.810000000000000000e+02 1.112085451426650051e+00
5.820000000000000000e+02 1.124035450900759958e+00
5.830000000000000000e+02 1.126806276320589939e+00
5.840000000000000000e+02 1.115763655861220061e+00
5.850000000000000000e+02 1.098238825885059944e+00
5.860000000000000000e+02 1.063474130299929987e+00
5.870000000000000000e+02 1.077016276656050042e+00
5.880000000000000000e+02 1.043200581388110004e+00
5.890000000000000000e+02 8.922285794951400062e-01
5.900000000000000000e+02 9.390506480606010120e-01
5.910000000000000000e+02 9.939507210359139755e-01
5.920000000000000000e+02 9.635240969558249713e-01
5.930000000000000000e+02 9.669174671541910238e-01
5.940000000000000000e+02 9.523644890910409888e-01
5.950000000000000000e+02 9.283132294741669455e-01
5.960000000000000000e+02 9.438074479832210262e-01
5.970000000000000000e+02 9.318387266989559548e-01
5.980000000000000000e+02 9.059493455253330163e-01
5.990000000000000000e+02 8.737651602374180149e-01
6.000000000000000000e+02 8.510566680293200070e-01
6.010000000000000000e+02 8.292623758816080048e-01
6.020000000000000000e+02 8.054214556178499462e-01
6.030000000000000000e+02 8.159603244114189691e-01
6.040000000000000000e+02 8.236380004623660156e-01
6.050000000000000000e+02 8.109993682420929551e-01
6.060000000000000000e+02 7.959300178375470214e-01
6.070000000000000000e+02 7.954905694470899569e-01
6.080000000000000000e+02 7.877869613864040277e-01
6.090000000000000000e+02 7.789388435856570148e-01
6.100000000000000000e+02 7.727736030104299658e-01
6.110000000000000000e+02 7.670190988261940124e-01
6.120000000000000000e+02 7.768005127851359548e-01
6.130000000000000000e+02 7.639653606066939551e-01
6.140000000000000000e+02 7.389914485083249884e-01
6.150000000000000000e+02 7.643834641338119740e-01
6.160000000000000000e+02 7.425294294406880047e-01
6.170000000000000000e+02 7.316708530958150325e-01
6.180000000000000000e+02 7.578655392899940058e-01
6.190000000000000000e+02 7.596308081338839502e-01
6.200000000000000000e+02 7.581331504340199645e-01
6.210000000000000000e+02 7.593482510818919673e-01
6.220000000000000000e+02 7.301143561344950461e-01
6.230000000000000000e+02 7.229704372531460255e-01
6.240000000000000000e+02 7.185101886683840089e-01
6.250000000000000000e+02 7.119946323074920480e-01
6.260000000000000000e+02 7.095440495290730176e-01
6.270000000000000000e+02 7.280068232891989677e-01
6.280000000000000000e+02 6.872123101546609991e-01
6.290000000000000000e+02 7.088392065963360356e-01
6.300000000000000000e+02 6.971451249385499649e-01
6.310000000000000000e+02 7.064392625007439586e-01
6.320000000000000000e+02 6.781457019997949587e-01
6.330000000000000000e+02 7.195640077223409703e-01
6.340000000000000000e+02 7.067945190668619704e-01
6.350000000000000000e+02 7.135175865959709762e-01
6.360000000000000000e+02 6.954173901699259863e-01
6.370000000000000000e+02 7.164367736071159953e-01
6.380000000000000000e+02 7.184761684409739502e-01
6.390000000000000000e+02 7.130572185996729706e-01
6.400000000000000000e+02 6.957512423236930088e-01
6.410000000000000000e+02 6.938870425175329704e-01
6.420000000000000000e+02 6.929340675765309765e-01
6.430000000000000000e+02 6.975469856060459994e-01
6.440000000000000000e+02 6.920067508811129642e-01
6.450000000000000000e+02 6.941664003638320368e-01
6.460000000000000000e+02 6.716792731158750529e-01
6.470000000000000000e+02 6.662272033909080182e-01
6.480000000000000000e+02 6.573714036689870532e-01
6.490000000000000000e+02 6.337085489742030342e-01
6.500000000000000000e+02 6.337712876036249998e-01
6.510000000000000000e+02 6.703944173501279469e-01
6.520000000000000000e+02 6.410632324863669851e-01
6.530000000000000000e+02 6.570538470679170295e-01
6.540000000000000000e+02 6.458466440132409891e-01
6.550000000000000000e+02 6.110288280021819451e-01
6.560000000000000000e+02 5.318354375643700171e-01
6.570000000000000000e+02 5.491050752391190004e-01
6.580000000000000000e+02 6.060083235420350434e-01
6.590000000000000000e+02 5.988764228625429453e-01
6.600000000000000000e+02 5.935071817583129627e-01
6.610000000000000000e+02 5.829459966380879932e-01
6.620000000000000000e+02 5.702858888585019548e-01
6.630000000000000000e+02 5.662377104694380492e-01
6.640000000000000000e+02 5.661110265144879694e-01
6.650000000000000000e+02 5.730923681340740483e-01
6.660000000000000000e+02 5.695758179743369842e-01
6.670000000000000000e+02 5.639885234658970070e-01
6.680000000000000000e+02 5.644186717434089839e-01
6.690000000000000000e+02 5.728237382640669617e-01
6.700000000000000000e+02 5.636014952843869663e-01
6.710000000000000000e+02 5.609761657103059518e-01
6.720000000000000000e+02 5.516459521253750387e-01
6.730000000000000000e+02 5.551206424482090229e-01
6.740000000000000000e+02 5.530640456209410249e-01
6.750000000000000000e+02 5.458572297911740145e-01
6.760000000000000000e+02 5.494517749679570517e-01
6.770000000000000000e+02 5.418711543664369579e-01
6.780000000000000000e+02 5.422251546138769918e-01
6.790000000000000000e+02 5.350530723617560325e-01
6.800000000000000000e+02 5.333764185945489844e-01
6.810000000000000000e+02 5.279736419313629803e-01
6.820000000000000000e+02 5.271976723758740047e-01
6.830000000000000000e+02 5.175347486791369578e-01
6.840000000000000000e+02 5.102440403748560449e-01
6.850000000000000000e+02 5.061899744677750279e-01
6.860000000000000000e+02 4.905232684270749988e-01
6.870000000000000000e+02 3.521493272382770212e-01
6.880000000000000000e+02 4.025694344835609728e-01
6.890000000000000000e+02 4.005437607091190122e-01
6.900000000000000000e+02 4.147615506265610041e-01
6.910000000000000000e+02 4.261848813998819763e-01
6.920000000000000000e+02 4.319490142623390039e-01
6.930000000000000000e+02 4.221710273337039854e-01
6.940000000000000000e+02 4.104953350289500258e-01
6.950000000000000000e+02 4.112972223303700270e-01
6.960000000000000000e+02 4.033670807403980096e-01
6.970000000000000000e+02 4.162065522694600173e-01
6.980000000000000000e+02 4.005431668332199990e-01
6.990000000000000000e+02 3.827386157265429967e-01
7.000000000000000000e+02 3.705075886160720255e-01
7.010000000000000000e+02 3.559749068030019781e-01
7.020000000000000000e+02 3.467198902871470034e-01
7.030000000000000000e+02 3.381624503307180118e-01
7.040000000000000000e+02 3.363252813198749913e-01
7.050000000000000000e+02 3.290006573256260003e-01
7.060000000000000000e+02 3.167799037395129802e-01
7.070000000000000000e+02 3.041452963998350079e-01
7.080000000000000000e+02 2.923551564551090109e-01
7.090000000000000000e+02 2.812450912189520258e-01
7.100000000000000000e+02 2.713029617237309732e-01
7.110000000000000000e+02 2.582070171129490221e-01
7.120000000000000000e+02 2.445462015704309988e-01
7.130000000000000000e+02 2.287390061066129909e-01
7.140000000000000000e+02 2.183756997652130105e-01
7.150000000000000000e+02 1.975193729381410079e-01
7.160000000000000000e+02 1.867708469036239993e-01
7.170000000000000000e+02 1.510819870498059936e-01
7.180000000000000000e+02 1.303636558612709939e-01
7.190000000000000000e+02 1.074642772970139937e-01
7.200000000000000000e+02 1.053120528219509966e-01
7.210000000000000000e+02 1.053271851332780035e-01
7.220000000000000000e+02 1.091245707523210012e-01
7.230000000000000000e+02 9.118451479464280418e-02
7.240000000000000000e+02 7.619572292546709924e-02
7.250000000000000000e+02 6.758810091837150202e-02
7.260000000000000000e+02 6.344933261953079884e-02
7.270000000000000000e+02 5.675159284157880318e-02
7.280000000000000000e+02 4.852723009963579720e-02
7.290000000000000000e+02 4.267625828748530109e-02
7.300000000000000000e+02 4.022671741649660321e-02
7.310000000000000000e+02 3.233683951816410107e-02
7.320000000000000000e+02 2.948991655729219993e-02
7.330000000000000000e+02 2.490639789733370066e-02
7.340000000000000000e+02 2.097047748791459887e-02
7.350000000000000000e+02 1.666157850314979941e-02
7.360000000000000000e+02 1.329941242162440036e-02
7.370000000000000000e+02 1.101726354915859990e-02
7.380000000000000000e+02 9.311538885744369623e-03
7.390000000000000000e+02 7.875022086308339567e-03
7.400000000000000000e+02 7.028867114605130348e-03
7.410000000000000000e+02 6.392537827192410274e-03
7.420000000000000000e+02 5.838493568634170287e-03
7.430000000000000000e+02 5.674530561057379921e-03
7.440000000000000000e+02 5.446019907390880176e-03
7.450000000000000000e+02 5.284269334343650280e-03
7.460000000000000000e+02 5.118776697773280357e-03
7.470000000000000000e+02 5.023456101634129860e-03
7.480000000000000000e+02 4.897898528156620357e-03
7.490000000000000000e+02 4.824625935840880404e-03
7.500000000000000000e+02 4.762537774383689831e-03
7.510000000000000000e+02 4.704523669921269885e-03
7.520000000000000000e+02 4.684554216202060223e-03
7.530000000000000000e+02 4.631479775951990140e-03
7.540000000000000000e+02 4.660171323542719804e-03
7.550000000000000000e+02 4.617389924696330313e-03
7.560000000000000000e+02 4.532817817728749914e-03
7.570000000000000000e+02 4.490386633432289984e-03
7.580000000000000000e+02 4.479819233098859994e-03
7.590000000000000000e+02 4.319175182518120160e-03
7.600000000000000000e+02 9.685413522763260119e-04
7.610000000000000000e+02 5.601788102243549904e-04
7.620000000000000000e+02 2.476591591376259803e-03
7.630000000000000000e+02 1.372472713814210012e-03
7.640000000000000000e+02 1.942363342356220098e-03
7.650000000000000000e+02 2.477837273561489962e-03
7.660000000000000000e+02 2.947446801886619873e-03
7.670000000000000000e+02 3.548589470560770034e-03
7.680000000000000000e+02 4.086596394970569771e-03
7.690000000000000000e+02 4.164793975007849598e-03
7.700000000000000000e+02 4.314383414174369907e-03
7.710000000000000000e+02 4.368886353744450175e-03
7.720000000000000000e+02 4.430451458173069977e-03
7.730000000000000000e+02 4.507481193206590298e-03
7.740000000000000000e+02 4.589248660350589946e-03
7.750000000000000000e+02 4.686138559284210373e-03
7.760000000000000000e+02 4.796148501574029784e-03
7.770000000000000000e+02 4.865052071418580169e-03
7.780000000000000000e+02 4.959217490980489911e-03
7.790000000000000000e+02 5.136613752384400385e-03
7.800000000000000000e+02 5.239354142722909766e-03
7.810000000000000000e+02 5.363711633582449699e-03
7.820000000000000000e+02 5.530739232961530069e-03
7.830000000000000000e+02 5.659828974059840159e-03
7.840000000000000000e+02 5.776585987382149880e-03
7.850000000000000000e+02 6.014878664205919843e-03
7.860000000000000000e+02 6.239457876156789817e-03
7.870000000000000000e+02 6.396164489084949813e-03
7.880000000000000000e+02 6.552717398852469718e-03
7.890000000000000000e+02 6.801382450505689958e-03
7.900000000000000000e+02 6.871931277409520228e-03
7.910000000000000000e+02 7.279025260518929945e-03
7.920000000000000000e+02 7.537723364010209641e-03
7.930000000000000000e+02 7.790103570477349866e-03
7.940000000000000000e+02 8.176012929322330758e-03
7.950000000000000000e+02 8.430310417944340481e-03
7.960000000000000000e+02 8.577593673219500656e-03
7.970000000000000000e+02 9.079681323354429207e-03
7.980000000000000000e+02 9.636519229866800582e-03
7.990000000000000000e+02 9.836931231576619139e-03
8.000000000000000000e+02 1.007321262863370044e-02
8.010000000000000000e+02 1.125413092718099972e-02
8.020000000000000000e+02 1.151044258747990073e-02
8.030000000000000000e+02 1.154309055268350030e-02
8.040000000000000000e+02 1.211761535869789949e-02
8.050000000000000000e+02 1.191592463182859947e-02
8.060000000000000000e+02 1.246820069745139918e-02
8.070000000000000000e+02 1.240815181342020020e-02
8.080000000000000000e+02 1.282753536650780082e-02
8.090000000000000000e+02 1.218893582879809930e-02
8.100000000000000000e+02 1.227192810930410015e-02
8.110000000000000000e+02 1.212181293300500055e-02
8.120000000000000000e+02 1.170503518922079954e-02
8.130000000000000000e+02 1.121350669013600025e-02
8.140000000000000000e+02 9.811910879282520134e-03
8.150000000000000000e+02 9.479634832204769310e-03
8.160000000000000000e+02 8.600401014652769155e-03
8.170000000000000000e+02 8.323063475928120167e-03
8.180000000000000000e+02 7.603775688445160372e-03
8.190000000000000000e+02 8.148574649715649779e-03
8.200000000000000000e+02 7.572690572873050190e-03
8.210000000000000000e+02 7.783005361552640215e-03
8.220000000000000000e+02 6.611707482997840161e-03
8.230000000000000000e+02 4.378327976611320026e-03
8.240000000000000000e+02 5.649145439291160253e-03
8.250000000000000000e+02 4.758038027781540114e-03
8.260000000000000000e+02 3.405106673549119882e-03
8.270000000000000000e+02 3.103711746714840018e-03
8.280000000000000000e+02 2.322364901080789783e-03
8.290000000000000000e+02 1.722025003426660072e-03
8.300000000000000000e+02 1.405386678290599907e-03
8.310000000000000000e+02 1.173324423247260051e-03
8.320000000000000000e+02 8.214827916852789720e-04
8.330000000000000000e+02 6.544011258787249628e-04
8.340000000000000000e+02 5.805828786140759768e-04
8.350000000000000000e+02 5.654642038314909710e-04
8.360000000000000000e+02 4.621312392718700149e-04
8.370000000000000000e+02 4.487324988020859788e-04
8.380000000000000000e+02 4.159926173986639971e-04
8.390000000000000000e+02 3.732333418183639740e-04
8.400000000000000000e+02 3.493776517524959930e-04
8.410000000000000000e+02 3.304807771497149903e-04
8.420000000000000000e+02 3.101904275043810264e-04
8.430000000000000000e+02 2.886967665147709963e-04
8.440000000000000000e+02 2.735427105373069881e-04
8.450000000000000000e+02 2.721726272432610158e-04
8.460000000000000000e+02 2.519874293112739881e-04
8.470000000000000000e+02 2.369271467185830057e-04
8.480000000000000000e+02 2.289806812794340104e-04
8.490000000000000000e+02 2.041591713789540051e-04
8.500000000000000000e+02 1.869377052065030050e-04
8.510000000000000000e+02 1.941792703167129956e-04
8.520000000000000000e+02 1.838288919907439924e-04
8.530000000000000000e+02 1.742386349402499891e-04
8.540000000000000000e+02 1.485747538397300094e-04
8.550000000000000000e+02 1.540379375007850001e-04
8.560000000000000000e+02 1.474890461352840122e-04
8.570000000000000000e+02 1.474471855844230051e-04
8.580000000000000000e+02 1.447126665647130049e-04
8.590000000000000000e+02 1.300356958794519869e-04
8.600000000000000000e+02 1.253187430144069947e-04
8.610000000000000000e+02 1.210369079993689961e-04
8.620000000000000000e+02 1.129234486961630047e-04
8.630000000000000000e+02 1.083243466011569973e-04
8.640000000000000000e+02 1.010804005361290046e-04
8.650000000000000000e+02 8.948166422611510205e-05
8.660000000000000000e+02 7.097256805203860540e-05
8.670000000000000000e+02 7.300791046102559647e-05
8.680000000000000000e+02 7.297730770699130539e-05
8.690000000000000000e+02 6.894001167385869838e-05
8.700000000000000000e+02 6.703435979012370134e-05
8.710000000000000000e+02 5.619755570026849955e-05
8.720000000000000000e+02 5.360239221086939948e-05
8.730000000000000000e+02 4.993716452917409807e-05
8.740000000000000000e+02 4.297501964870199836e-05
8.750000000000000000e+02 3.875101512697970169e-05
8.760000000000000000e+02 3.644318078368839699e-05
8.770000000000000000e+02 3.205945992537850224e-05
8.780000000000000000e+02 2.923455012390089919e-05
8.790000000000000000e+02 2.631929432549539929e-05
8.800000000000000000e+02 2.187675363077550022e-05
8.810000000000000000e+02 1.938185251059139987e-05
8.820000000000000000e+02 1.822140884324689966e-05
8.830000000000000000e+02 1.549651901996470049e-05
8.840000000000000000e+02 1.406411455588949991e-05
8.850000000000000000e+02 1.286471202449220009e-05
8.860000000000000000e+02 1.134150953473530065e-05
8.870000000000000000e+02 1.043561131818030055e-05
8.880000000000000000e+02 8.782073657714190018e-06
8.890000000000000000e+02 8.165513738087610808e-06
8.900000000000000000e+02 7.409731722924079968e-06
8.910000000000000000e+02 6.175861563419949657e-06
8.920000000000000000e+02 5.567879532387600115e-06
8.930000000000000000e+02 4.914858944805780206e-06
8.940000000000000000e+02 4.404393012555809661e-06
8.950000000000000000e+02 3.870155152174979819e-06
8.960000000000000000e+02 3.024499717869650146e-06
8.970000000000000000e+02 2.430901797358679857e-06
8.980000000000000000e+02 2.407709016395109883e-06
8.990000000000000000e+02 1.538741094807779929e-06
9.000000000000000000e+02 1.883336653938399966e-06
9.010000000000000000e+02 1.382067744881530014e-06
9.020000000000000000e+02 1.248455177133709999e-06
9.030000000000000000e+02 1.153201508807199946e-06
9.040000000000000000e+02 1.262684312365079935e-06
9.050000000000000000e+02 1.110153307490049962e-06
9.060000000000000000e+02 9.576762705161829952e-07
9.070000000000000000e+02 6.080474971165270321e-07
9.080000000000000000e+02 5.414009905447369554e-07
9.090000000000000000e+02 5.093911402999799906e-07
9.100000000000000000e+02 3.894470754678889966e-07
9.110000000000000000e+02 3.582178744728099843e-07
9.120000000000000000e+02 2.621940551404549896e-07
9.130000000000000000e+02 1.952612887597620076e-07
9.140000000000000000e+02 1.587953992996680062e-07
9.150000000000000000e+02 1.364451426628679874e-07
9.160000000000000000e+02 9.225083665879699803e-08
9.170000000000000000e+02 6.486688287051259786e-08
9.180000000000000000e+02 3.816025985848459985e-08
9.190000000000000000e+02 3.431329096796890090e-08
9.200000000000000000e+02 2.337293779587769937e-08
9.210000000000000000e+02 1.656695228991999863e-08
9.220000000000000000e+02 5.844069665756549852e-09
9.230000000000000000e+02 3.578942171431230080e-09
9.240000000000000000e+02 1.999454808962150010e-09
9.250000000000000000e+02 1.078655646622489969e-09
9.260000000000000000e+02 5.835965685315849994e-10
9.270000000000000000e+02 3.213197101453319976e-10
9.280000000000000000e+02 1.188381437264059943e-10
9.290000000000000000e+02 2.186498780500650062e-11
9.300000000000000000e+02 7.229449691735730069e-12
9.310000000000000000e+02 2.883334949877500149e-12
9.320000000000000000e+02 8.388251440543170361e-13
9.330000000000000000e+02 2.738171164955840067e-13
9.340000000000000000e+02 6.382660285352159706e-14
9.350000000000000000e+02 4.467701783875390187e-14
9.360000000000000000e+02 4.535339056667480204e-15
9.370000000000000000e+02 1.242977073878880021e-15
9.380000000000000000e+02 4.129797104029010047e-16
9.390000000000000000e+02 2.229229392743110215e-16
9.400000000000000000e+02 7.171132424578589657e-17
9.410000000000000000e+02 3.117826317939819986e-18
9.420000000000000000e+02 8.172481945978750289e-19
9.430000000000000000e+02 1.354046046464750064e-19
9.440000000000000000e+02 2.258694389224949872e-20
9.450000000000000000e+02 4.723225050474419692e-21
9.460000000000000000e+02 4.099403746063969865e-22
9.470000000000000000e+02 1.276517407938230040e-22
9.480000000000000000e+02 9.178278270739499655e-24
9.490000000000000000e+02 1.600674956998779991e-24
9.500000000000000000e+02 1.963397975328409902e-27
9.510000000000000000e+02 3.280213138355320040e-28
9.520000000000000000e+02 9.356209011362969364e-30
9.530000000000000000e+02 3.649979592399150095e-31
9.540000000000000000e+02 1.375107897468880073e-32
9.550000000000000000e+02 5.094765521127600332e-34
9.560000000000000000e+02 2.255938861129039943e-35
9.570000000000000000e+02 1.466874415226500052e-36
9.580000000000000000e+02 1.961595453485150079e-37
9.590000000000000000e+02 2.140793009560650066e-38
9.600000000000000000e+02 3.234329762461439786e-39
9.610000000000000000e+02 1.683302427992659930e-40
9.620000000000000000e+02 6.239849561482179770e-41
9.630000000000000000e+02 2.756980922316460195e-41
9.640000000000000000e+02 1.262546700449309936e-41
9.650000000000000000e+02 6.984410445184610161e-42
9.660000000000000000e+02 4.011401167567719903e-42
9.670000000000000000e+02 2.307198217114050141e-42
9.680000000000000000e+02 2.232897067607610100e-42
9.690000000000000000e+02 1.755860092318019867e-42
9.700000000000000000e+02 1.216711184889529943e-42
9.710000000000000000e+02 1.023242542866929939e-42
9.720000000000000000e+02 7.390179610665239553e-43
9.730000000000000000e+02 4.891309820058660334e-43
9.740000000000000000e+02 3.059697523122530103e-43
9.750000000000000000e+02 3.047191271896380177e-43
9.760000000000000000e+02 2.871399883602440116e-43
9.770000000000000000e+02 3.537542920473119861e-43
9.780000000000000000e+02 3.765791291160210254e-43
9.790000000000000000e+02 5.572811854897790000e-43
9.800000000000000000e+02 7.541374477088680730e-43
9.810000000000000000e+02 1.265492831360110060e-42
9.820000000000000000e+02 1.750600707512929991e-42
9.830000000000000000e+02 2.735155606594920027e-42
9.840000000000000000e+02 4.870050542615499785e-42
9.850000000000000000e+02 8.339391779210829951e-42
9.860000000000000000e+02 1.665928835749649892e-41
9.870000000000000000e+02 3.406846534296049860e-41
9.880000000000000000e+02 7.029951722625240277e-41
9.890000000000000000e+02 1.483492266694220045e-40
9.900000000000000000e+02 3.003751728398289805e-40
9.910000000000000000e+02 8.219082029401639201e-40
9.920000000000000000e+02 2.178498964957510100e-39
9.930000000000000000e+02 4.400657811139540042e-39
9.940000000000000000e+02 9.257110203611840472e-39
9.950000000000000000e+02 2.436413186892319809e-38
9.960000000000000000e+02 6.408238599412359787e-38
9.970000000000000000e+02 1.664785125421129923e-37
9.980000000000000000e+02 4.373359983825960105e-37
9.990000000000000000e+02 1.145191901638129977e-36
1.000000000000000000e+03 2.987095059947379990e-36
