3.000000000000000000e+02 3.769725612992710006e-04
3.005000000000000000e+02 4.738478892865219763e-04
3.010000000000000000e+02 7.634281381024759843e-04
3.015000000000000000e+02 1.099116567414829991e-03
3.020000000000000000e+02 1.218884913817540024e-03
3.025000000000000000e+02 1.832903907440400042e-03
3.030000000000000000e+02 3.129609491457019822e-03
3.035000000000000000e+02 4.037460551254190393e-03
3.040000000000000000e+02 4.300539757105929957e-03
3.045000000000000000e+02 5.468072121487879689e-03
3.050000000000000000e+02 7.564122871311340299e-03
3.055000000000000000e+02 8.650843643553859583e-03
3.060000000000000000e+02 8.636295294373539863e-03
3.065000000000000000e+02 9.866700889690329171e-03
3.070000000000000000e+02 1.303423689696969930e-02
3.075000000000000000e+02 1.667857262760090095e-02
3.080000000000000000e+02 1.781509704959520143e-02
3.085000000000000000e+02 1.957376492537070065e-02
3.090000000000000000e+02 1.922740641069840134e-02
3.095000000000000000e+02 2.045205616757119968e-02
3.100000000000000000e+02 2.409765602848770033e-02
3.105000000000000000e+02 3.113025068271459833e-02
3.110000000000000000e+02 3.946017030475180293e-02
3.115000000000000000e+02 4.020991561098610084e-02
3.120000000000000000e+02 4.442768999367580074e-02
3.125000000000000000e+02 4.702082980263039974e-02
3.130000000000000000e+02 5.109543137831919907e-02
3.135000000000000000e+02 5.178820620517270157e-02
3.140000000000000000e+02 5.739932321905000245e-02
3.145000000000000000e+02 6.209739140074579944e-02
3.150000000000000000e+02 6.504745658304099398e-02
3.155000000000000000e+02 5.733397954335790053e-02
3.160000000000000000e+02 5.944401834908599747e-02
3.165000000000000000e+02 7.200096630601519887e-02
3.170000000000000000e+02 8.270785040265460353e-02
3.175000000000000000e+02 8.881148461101609493e-02
3.180000000000000000e+02 8.548723475309349951e-02
3.185000000000000000e+02 8.941559082853040019e-02
3.190000000000000000e+02 9.820827914603749709e-02
3.195000000000000000e+02 9.587539836923239522e-02
3.200000000000000000e+02 1.012760894367770031e-01
3.205000000000000000e+02 1.196684494265019966e-01
3.210000000000000000e+02 1.208299313241590067e-01
3.215000000000000000e+02 1.156256141911260055e-01
3.220000000000000000e+02 1.102247038797510015e-01
3.225000000000000000e+02 1.083090389389040065e-01
3.230000000000000000e+02 1.053271253525570050e-01
3.235000000000000000e+02 1.215489759014290044e-01
3.240000000000000000e+02 1.349925550728029999e-01
3.245000000000000000e+02 1.407758367563279878e-01
3.250000000000000000e+02 1.413067625610860134e-01
3.255000000000000000e+02 1.636974585685130046e-01
3.260000000000000000e+02 1.907191597424000018e-01
3.265000000000000000e+02 2.027987693709789874e-01
3.270000000000000000e+02 2.000472284362529996e-01
3.275000000000000000e+02 1.952611107351069908e-01
3.280000000000000000e+02 1.816174339947000116e-01
3.285000000000000000e+02 1.901399412415989976e-01
3.290000000000000000e+02 2.145214406775000082e-01
3.295000000000000000e+02 2.384565547641540051e-01
3.300000000000000000e+02 2.417826334455880077e-01
3.305000000000000000e+02 2.227491848969559984e-01
3.310000000000000000e+02 2.112684373089560030e-01
3.315000000000000000e+02 2.189161450636759876e-01
3.320000000000000000e+02 2.272577163592719995e-01
3.325000000000000000e+02 2.288781607112949923e-01
3.330000000000000000e+02 2.254926691746310108e-01
3.335000000000000000e+02 2.164609536001050050e-01
3.340000000000000000e+02 2.219021665615560079e-01
3.345000000000000000e+02 2.371450441548789978e-01
3.350000000000000000e+02 2.471169050843060044e-01
3.355000000000000000e+02 2.419174070280840083e-01
3.360000000000000000e+02 2.226980332943269969e-01
3.365000000000000000e+02 2.068497018709899993e-01
3.370000000000000000e+02 2.039204882582489886e-01
3.375000000000000000e+02 2.197296775092910104e-01
3.380000000000000000e+02 2.376310317481210022e-01
3.385000000000000000e+02 2.494047740463500029e-01
3.390000000000000000e+02 2.547980341775559765e-01
3.395000000000000000e+02 2.621220758585550148e-01
3.400000000000000000e+02 2.794576369078229927e-01
3.405000000000000000e+02 2.798087501239139852e-01
3.410000000000000000e+02 2.635803033180469934e-01
3.415000000000000000e+02 2.630320199152429983e-01
3.420000000000000000e+02 2.752128109498320208e-01
3.425000000000000000e+02 2.865321606961450107e-01
3.430000000000000000e+02 2.920569221040070218e-01
3.435000000000000000e+02 2.770167310272649841e-01
3.440000000000000000e+02 2.403131141632839918e-01
3.445000000000000000e+02 2.318325421419210053e-01
3.450000000000000000e+02 2.644260625704180079e-01
3.455000000000000000e+02 2.827417408655230058e-01
3.460000000000000000e+02 2.769736345008220191e-01
3.465000000000000000e+02 2.829975893940749887e-01
3.470000000000000000e+02 2.886101133538370167e-01
3.475000000000000000e+02 2.795795060370950269e-01
3.480000000000000000e+02 2.793253876409340086e-01
3.485000000000000000e+02 2.850125781366529831e-01
3.490000000000000000e+02 2.754566419936799737e-01
3.495000000000000000e+02 2.838029935715810081e-01
3.500000000000000000e+02 3.144901667945069756e-01
3.505000000000000000e+02 3.391442571637099945e-01
3.510000000000000000e+02 3.310520045570219949e-01
3.515000000000000000e+02 3.196276252095460180e-01
3.520000000000000000e+02 3.129879675905020142e-01
3.525000000000000000e+02 2.966601846973540013e-01
3.530000000000000000e+02 3.161873101437769895e-01
3.535000000000000000e+02 3.487330768899790101e-01
3.540000000000000000e+02 3.697549757297909911e-01
3.545000000000000000e+02 3.749335071001910213e-01
3.550000000000000000e+02 3.760529864842189762e-01
3.555000000000000000e+02 3.641098331725590165e-01
3.560000000000000000e+02 3.426429251475759941e-01
3.565000000000000000e+02 3.222592245817739731e-01
3.570000000000000000e+02 2.841891938768230097e-01
3.575000000000000000e+02 2.883685696153310274e-01
3.580000000000000000e+02 2.690779925344889967e-01
3.585000000000000000e+02 2.505365216680470186e-01
3.590000000000000000e+02 2.955144557792229731e-01
3.595000000000000000e+02 3.570423118269079876e-01
3.600000000000000000e+02 3.787141609118520047e-01
3.605000000000000000e+02 3.587968546334550091e-01
3.610000000000000000e+02 3.309902245847690105e-01
3.615000000000000000e+02 3.249784888756709900e-01
3.620000000000000000e+02 3.415122280791749731e-01
3.625000000000000000e+02 3.750215260388050087e-01
3.630000000000000000e+02 3.867736117475030211e-01
3.635000000000000000e+02 3.771405317057490159e-01
3.640000000000000000e+02 3.915822058368729763e-01
3.645000000000000000e+02 3.888445168361079896e-01
3.650000000000000000e+02 4.047301862744689949e-01
3.655000000000000000e+02 4.464667543548799800e-01
3.660000000000000000e+02 4.794882386557690057e-01
3.665000000000000000e+02 4.814099983552159734e-01
3.670000000000000000e+02 4.735361905093780077e-01
3.675000000000000000e+02 4.656293381747800275e-01
3.680000000000000000e+02 4.393566349623240219e-01
3.685000000000000000e+02 4.374009885711729884e-01
3.690000000000000000e+02 4.582481065258329767e-01
3.695000000000000000e+02 4.934064135178140020e-01
3.700000000000000000e+02 5.013903893631720399e-01
3.705000000000000000e+02 4.542626522585709870e-01
3.710000000000000000e+02 4.624349584029480154e-01
3.715000000000000000e+02 4.815758732162510047e-01
3.720000000000000000e+02 4.517669409648389922e-01
3.725000000000000000e+02 4.312559580377889890e-01
3.730000000000000000e+02 4.161908489323339899e-01
3.735000000000000000e+02 3.759042544529280216e-01
3.740000000000000000e+02 3.756499557104229781e-01
3.745000000000000000e+02 3.735973435043979940e-01
3.750000000000000000e+02 3.994253394496840026e-01
3.755000000000000000e+02 4.425175231182180147e-01
3.760000000000000000e+02 4.591423390362129875e-01
3.765000000000000000e+02 4.525866679397709813e-01
3.770000000000000000e+02 4.864519155505079850e-01
3.775000000000000000e+02 5.436716968694049745e-01
3.780000000000000000e+02 5.867796360352900420e-01
3.785000000000000000e+02 5.730169806954580336e-01
3.790000000000000000e+02 5.120157309058930295e-01
3.795000000000000000e+02 4.599043630437920083e-01
3.800000000000000000e+02 4.842569512707730062e-01
3.805000000000000000e+02 5.197359685243350125e-01
3.810000000000000000e+02 5.297421220872049474e-01
3.815000000000000000e+02 4.782610460229830274e-01
3.820000000000000000e+02 4.084029097187810153e-01
3.825000000000000000e+02 3.539681242809379902e-01
3.830000000000000000e+02 3.178624338089440227e-01
3.835000000000000000e+02 3.082622785242389862e-01
3.840000000000000000e+02 3.572951088028190059e-01
3.845000000000000000e+02 4.308206361124020112e-01
3.850000000000000000e+02 4.736602115607280172e-01
3.855000000000000000e+02 4.533165259250029888e-01
3.860000000000000000e+02 4.380758040389770014e-01
3.865000000000000000e+02 4.562283315760710112e-01
3.870000000000000000e+02 4.610488793930569984e-01
3.875000000000000000e+02 4.550889293647840117e-01
3.880000000000000000e+02 4.513785683177710117e-01
3.885000000000000000e+02 4.488488846690670275e-01
3.890000000000000000e+02 4.879803677082240054e-01
3.895000000000000000e+02 5.416166918021659837e-01
3.900000000000000000e+02 5.689977809578820045e-01
3.905000000000000000e+02 5.746530097711379792e-01
3.910000000000000000e+02 6.096550800163530459e-01
3.915000000000000000e+02 6.192232210205369514e-01
3.920000000000000000e+02 5.709347698285149875e-01
3.925000000000000000e+02 4.765673974627310239e-01
3.930000000000000000e+02 3.455627079659699952e-01
3.935000000000000000e+02 2.751886902037610216e-01
3.940000000000000000e+02 3.580022646326510016e-01
3.945000000000000000e+02 4.945127624720799808e-01
3.950000000000000000e+02 5.848049521917400018e-01
3.955000000000000000e+02 6.237003579358759708e-01
3.960000000000000000e+02 5.491196570736459615e-01
3.965000000000000000e+02 3.998112437471709746e-01
3.970000000000000000e+02 3.100943730071840099e-01
3.975000000000000000e+02 4.585481537674189756e-01
3.980000000000000000e+02 6.217840172673889665e-01
3.985000000000000000e+02 7.351557188371989904e-01
3.990000000000000000e+02 7.814871966770250422e-01
3.995000000000000000e+02 8.062829277520849880e-01
4.000000000000000000e+02 8.158829743408569923e-01
4.010000000000000000e+02 8.516318772703790341e-01
4.020000000000000000e+02 8.873046011499580166e-01
4.030000000000000000e+02 8.560397095984749738e-01
4.040000000000000000e+02 8.714997486080680034e-01
4.050000000000000000e+02 8.516745961915580532e-01
4.060000000000000000e+02 8.321500535833430412e-01
4.070000000000000000e+02 8.188238898188580084e-01
4.080000000000000000e+02 8.565837054067260148e-01
4.090000000000000000e+02 9.164234974859429839e-01
4.100000000000000000e+02 7.824441286773280435e-01
4.110000000000000000e+02 8.773569547594649576e-01
4.120000000000000000e+02 9.340721721092809515e-01
4.130000000000000000e+02 8.973155335387390519e-01
4.140000000000000000e+02 8.887616879977410234e-01
4.150000000000000000e+02 9.214362487557780090e-01
4.160000000000000000e+02 9.504544987720650040e-01
4.170000000000000000e+02 9.284423631294550505e-01
4.180000000000000000e+02 8.894697403481970355e-01
4.190000000000000000e+02 9.269169785717910059e-01
4.200000000000000000e+02 8.504066901968619918e-01
4.210000000000000000e+02 9.669849519358619805e-01
4.220000000000000000e+02 9.550203860067599804e-01
4.230000000000000000e+02 9.260695068984770018e-01
4.240000000000000000e+02 9.222601323502269688e-01
4.250000000000000000e+02 9.515588196745530247e-01
4.260000000000000000e+02 9.255213270631149625e-01
4.270000000000000000e+02 8.952304272160349630e-01
4.280000000000000000e+02 9.050650365885889448e-01
4.290000000000000000e+02 8.388310159360009566e-01
4.300000000000000000e+02 6.698091297628360197e-01
4.310000000000000000e+02 6.088117310859210152e-01
4.320000000000000000e+02 1.014004086159050022e+00
4.330000000000000000e+02 9.443150653592210508e-01
4.340000000000000000e+02 8.731390311939769555e-01
4.350000000000000000e+02 9.588463976063940075e-01
4.360000000000000000e+02 1.052681075414739986e+00
4.370000000000000000e+02 1.075191155948999944e+00
4.380000000000000000e+02 9.442729093346620139e-01
4.390000000000000000e+02 9.094654889483050342e-01
4.400000000000000000e+02 1.043597223320390066e+00
4.410000000000000000e+02 1.030360907234489920e+00
4.420000000000000000e+02 1.103914334529400021e+00
4.430000000000000000e+02 1.120709194048800095e+00
4.440000000000000000e+02 1.093052421271119901e+00
4.450000000000000000e+02 1.135592643822300074e+00
4.460000000000000000e+02 1.018985910286720031e+00
4.470000000000000000e+02 1.159526937412850067e+00
4.480000000000000000e+02 1.174548714603049993e+00
4.490000000000000000e+02 1.172733000610030052e+00
4.500000000000000000e+02 1.216731620751019927e+00
4.510000000000000000e+02 1.262857440580879897e+00
4.520000000000000000e+02 1.209947962603459937e+00
4.530000000000000000e+02 1.118043486169759904e+00
4.540000000000000000e+02 1.200065717136989951e+00
4.550000000000000000e+02 1.192399067759700060e+00
4.560000000000000000e+02 1.232581421555059897e+00
4.570000000000000000e+02 1.243731457004020102e+00
4.580000000000000000e+02 1.217989766214019998e+00
4.590000000000000000e+02 1.209199852926329921e+00
4.600000000000000000e+02 1.202204200494479958e+00
4.610000000000000000e+02 1.245192014759259891e+00
4.620000000000000000e+02 1.257433099964490042e+00
4.630000000000000000e+02 1.262435385283249945e+00
4.640000000000000000e+02 1.224565526887370082e+00
4.650000000000000000e+02 1.209890355455180089e+00
4.660000000000000000e+02 1.235991984194799942e+00
4.670000000000000000e+02 1.181317990974940058e+00
4.680000000000000000e+02 1.233016590515469968e+00
4.690000000000000000e+02 1.238853083210829986e+00
4.700000000000000000e+02 1.191684371013369992e+00
4.710000000000000000e+02 1.211899951603500059e+00
4.720000000000000000e+02 1.275017577654830037e+00
4.730000000000000000e+02 1.225844859794869901e+00
4.740000000000000000e+02 1.239836664665119992e+00
4.750000000000000000e+02 1.280905566198319967e+00
4.760000000000000000e+02 1.237513038339320026e+00
4.770000000000000000e+02 1.244921431570539916e+00
4.780000000000000000e+02 1.285188757106960011e+00
4.790000000000000000e+02 1.260432300525970106e+00
4.800000000000000000e+02 1.281323405568350005e+00
4.810000000000000000e+02 1.280740976179409962e+00
4.820000000000000000e+02 1.284965413098869913e+00
4.830000000000000000e+02 1.268863659470699901e+00
4.840000000000000000e+02 1.244223728497070081e+00
4.850000000000000000e+02 1.239445774638110009e+00
4.860000000000000000e+02 1.004337088427659896e+00
4.870000000000000000e+02 1.123518865136009959e+00
4.880000000000000000e+02 1.214780487133050091e+00
4.890000000000000000e+02 1.143110832498090090e+00
4.900000000000000000e+02 1.275940949592849982e+00
4.910000000000000000e+02 1.224800714930750045e+00
4.920000000000000000e+02 1.166217190243650004e+00
4.930000000000000000e+02 1.245387392747310029e+00
4.940000000000000000e+02 1.213876377293160003e+00
4.950000000000000000e+02 1.286054949217579901e+00
4.960000000000000000e+02 1.220369695526849929e+00
4.970000000000000000e+02 1.237648929958280020e+00
4.980000000000000000e+02 1.200496896402329927e+00
4.990000000000000000e+02 1.196716378157439920e+00
5.000000000000000000e+02 1.188863426000329904e+00
5.010000000000000000e+02 1.148371368934679948e+00
5.020000000000000000e+02 1.143589176510239946e+00
5.030000000000000000e+02 1.191560851009419997e+00
5.040000000000000000e+02 1.106385695353250043e+00
5.050000000000000000e+02 1.180971766046490012e+00
5.060000000000000000e+02 1.223654071421669931e+00
5.070000000000000000e+02 1.165795681106239989e+00
5.080000000000000000e+02 1.131324449455850090e+00
5.090000000000000000e+02 1.180514239390050069e+00
5.100000000000000000e+02 1.144974476547780062e+00
5.110000000000000000e+02 1.160872513436840059e+00
5.120000000000000000e+02 1.186326056598759893e+00
5.130000000000000000e+02 1.109820312866450109e+00
5.140000000000000000e+02 1.081766125715819982e+00
5.150000000000000000e+02 1.108546373852620004e+00
5.160000000000000000e+02 1.114204939851590082e+00
5.170000000000000000e+02 9.042534809295640352e-01
5.180000000000000000e+02 1.029948156671190107e+00
5.190000000000000000e+02 9.974058840278420268e-01
5.200000000000000000e+02 1.088016574985680052e+00
5.210000000000000000e+02 1.094494596360890082e+00
5.220000000000000000e+02 1.117596882515629941e+00
5.230000000000000000e+02 1.055765825332950048e+00
5.240000000000000000e+02 1.137979430665229996e+00
5.250000000000000000e+02 1.124512657078200029e+00
5.260000000000000000e+02 1.088769136666940085e+00
5.270000000000000000e+02 9.536968931011530204e-01
5.280000000000000000e+02 1.093296024846019954e+00
5.290000000000000000e+02 1.142894409251560051e+00
5.300000000000000000e+02 1.097283554993039978e+00
5.310000000000000000e+02 1.153182448307189967e+00
5.320000000000000000e+02 1.128245850513770021e+00
5.330000000000000000e+02 1.005080617852210034e+00
5.340000000000000000e+02 1.074051238944010001e+00
5.350000000000000000e+02 1.086958827108829961e+00
5.360000000000000000e+02 1.129883858289389975e+00
5.370000000000000000e+02 1.043234827078870053e+00
5.380000000000000000e+02 1.093098075738079933e+00
5.390000000000000000e+02 1.062518130865379939e+00
5.400000000000000000e+02 1.022470489173989971e+00
5.410000000000000000e+02 9.813901587044600028e-01
5.420000000000000000e+02 1.066446523766040100e+00
5.430000000000000000e+02 1.042984108384779951e+00
5.440000000000000000e+02 1.073472434309850065e+00
5.450000000000000000e+02 1.044895747938890063e+00
5.460000000000000000e+02 1.031245927811200058e+00
5.470000000000000000e+02 1.039823353686480045e+00
5.480000000000000000e+02 1.005522248851060008e+00
5.490000000000000000e+02 1.031072141647130014e+00
5.500000000000000000e+02 1.017153355521799973e+00
5.510000000000000000e+02 1.010654603258289930e+00
5.520000000000000000e+02 1.025783853994109984e+00
5.530000000000000000e+02 9.920776030264459866e-01
5.540000000000000000e+02 1.006751102849859913e+00
5.550000000000000000e+02 1.008869076303130052e+00
5.560000000000000000e+02 9.882967085976409605e-01
5.570000000000000000e+02 9.615166901777889574e-01
5.580000000000000000e+02 9.796500386977939900e-01
5.590000000000000000e+02 9.240202898312459556e-01
5.600000000000000000e+02 9.374425902095040453e-01
5.610000000000000000e+02 9.887873632596899665e-01
5.620000000000000000e+02 9.384965347883760245e-01
5.630000000000000000e+02 9.712425550533150265e-01
5.640000000000000000e+02 9.494075667424219933e-01
5.650000000000000000e+02 9.511537000991819868e-01
5.660000000000000000e+02 8.955254307381229628e-01
5.670000000000000000e+02 9.510753305233129451e-01
5.680000000000000000e+02 9.390341928931680293e-01
5.690000000000000000e+02 9.107386568788099490e-01
5.700000000000000000e+02 9.058853352479869780e-01
5.710000000000000000e+02 8.703507592049090080e-01
5.720000000000000000e+02 9.131272292085389486e-01
5.730000000000000000e+02 9.099341771317750460e-01
5.740000000000000000e+02 8.981686654397450509e-01
5.750000000000000000e+02 8.695963719715440465e-01
5.760000000000000000e+02 8.541915950996780138e-01
5.770000000000000000e+02 8.676583054715300003e-01
5.780000000000000000e+02 8.331317079776190404e-01
5.790000000000000000e+02 8.335195557431499536e-01
5.800000000000000000e+02 8.359100153639600350e-01
5.810000000000000000e+02 8.298063137792800470e-01
5.820000000000000000e+02 8.327059427194739571e-01
5.830000000000000000e+02 8.249251096449029541e-01
5.840000000000000000e+02 8.072184637581749644e-01
5.850000000000000000e+02 7.850623240547069948e-01
5.860000000000000000e+02 7.511431974490190289e-01
5.870000000000000000e+02 7.500574398020150024e-01
5.880000000000000000e+02 7.163355829888989890e-01
5.890000000000000000e+02 6.032745227837860158e-01
5.900000000000000000e+02 6.251986355043790411e-01
5.910000000000000000e+02 6.516043997986199487e-01
5.920000000000000000e+02 6.219735062357469868e-01
5.930000000000000000e+02 6.141339981927650404e-01
5.940000000000000000e+02 5.951704458932559616e-01
5.950000000000000000e+02 5.686807516980020294e-01
5.960000000000000000e+02 5.667521997640120324e-01
5.970000000000000000e+02 5.462953478864449597e-01
5.980000000000000000e+02 5.185224861703580101e-01
5.990000000000000000e+02 4.735282837306979964e-01
6.000000000000000000e+02 4.367140863322219735e-01
6.010000000000000000e+02 4.165625381276399919e-01
6.020000000000000000e+02 3.960599892422569934e-01
6.030000000000000000e+02 3.963373457191630145e-01
6.040000000000000000e+02 3.951759518945610061e-01
6.050000000000000000e+02 3.810830289464700038e-01
6.060000000000000000e+02 3.662848336277410022e-01
6.070000000000000000e+02 3.624762637471879989e-01
6.080000000000000000e+02 3.554297780862569756e-01
6.090000000000000000e+02 3.494402318059769974e-01
6.100000000000000000e+02 3.447040161909700196e-01
6.110000000000000000e+02 3.409076780406080087e-01
6.120000000000000000e+02 3.440144206888730016e-01
6.130000000000000000e+02 3.370638737081549929e-01
6.140000000000000000e+02 3.248249263963450262e-01
6.150000000000000000e+02 3.347786541802930116e-01
6.160000000000000000e+02 3.240385549596250248e-01
6.170000000000000000e+02 3.182956788865010100e-01
6.180000000000000000e+02 3.286541496919179739e-01
6.190000000000000000e+02 3.281866615090390238e-01
6.200000000000000000e+02 3.263136483767469787e-01
6.210000000000000000e+02 3.254179971386759740e-01
6.220000000000000000e+02 3.115317234935329749e-01
6.230000000000000000e+02 3.071445035117950084e-01
6.240000000000000000e+02 3.039246734168489783e-01
6.250000000000000000e+02 3.000413722025189744e-01
6.260000000000000000e+02 2.978894903526139726e-01
6.270000000000000000e+02 3.043141088617890011e-01
6.280000000000000000e+02 2.860147217100950101e-01
6.290000000000000000e+02 2.935590207239279770e-01
6.300000000000000000e+02 2.872904149087919801e-01
6.310000000000000000e+02 2.896830020865310273e-01
6.320000000000000000e+02 2.767078245680930082e-01
6.330000000000000000e+02 2.925967800067060254e-01
6.340000000000000000e+02 2.864144781020689923e-01
6.350000000000000000e+02 2.879702237289080147e-01
6.360000000000000000e+02 2.795307282700710272e-01
6.370000000000000000e+02 2.863428874805359903e-01
6.380000000000000000e+02 2.855258410276230174e-01
6.390000000000000000e+02 2.818885183241329750e-01
6.400000000000000000e+02 2.736068401525950100e-01
6.410000000000000000e+02 2.715263489803729779e-01
6.420000000000000000e+02 2.698145453931379834e-01
6.430000000000000000e+02 2.701074585104690229e-01
6.440000000000000000e+02 2.664790719299089949e-01
6.450000000000000000e+02 2.656319493893140038e-01
6.460000000000000000e+02 2.554127730892349901e-01
6.470000000000000000e+02 2.518240825445450248e-01
6.480000000000000000e+02 2.469903238463549977e-01
6.490000000000000000e+02 2.362496646279149959e-01
6.500000000000000000e+02 2.344372928525839950e-01
6.510000000000000000e+02 2.462423520220720086e-01
6.520000000000000000e+02 2.338145076564019931e-01
6.530000000000000000e+02 2.374639860123169965e-01
6.540000000000000000e+02 2.312876288327689878e-01
6.550000000000000000e+02 2.160466031489489958e-01
6.560000000000000000e+02 1.856631691748510116e-01
6.570000000000000000e+02 1.880466023729850111e-01
6.580000000000000000e+02 2.035870588860549946e-01
6.590000000000000000e+02 1.965673795669989898e-01
6.600000000000000000e+02 1.903280790023030022e-01
6.610000000000000000e+02 1.830564457378980048e-01
6.620000000000000000e+02 1.753594372234829890e-01
6.630000000000000000e+02 1.718314360301780030e-01
6.640000000000000000e+02 1.695402257775300014e-01
6.650000000000000000e+02 1.702719567920170096e-01
6.660000000000000000e+02 1.678871293992240110e-01
6.670000000000000000e+02 1.655931543824210039e-01
6.680000000000000000e+02 1.650744033896709984e-01
6.690000000000000000e+02 1.669305833246400028e-01
6.700000000000000000e+02 1.636528527993049986e-01
6.710000000000000000e+02 1.622078308115250111e-01
6.720000000000000000e+02 1.588414364216440000e-01
6.730000000000000000e+02 1.592914373754409918e-01
6.740000000000000000e+02 1.581547224185499978e-01
6.750000000000000000e+02 1.549275297607539958e-01
6.760000000000000000e+02 1.547825158904579945e-01
6.770000000000000000e+02 1.515746511733070123e-01
6.780000000000000000e+02 1.506081347627210021e-01
6.790000000000000000e+02 1.475498290284809888e-01
6.800000000000000000e+02 1.460322373587220057e-01
6.810000000000000000e+02 1.431934283231879879e-01
6.820000000000000000e+02 1.416381503163839928e-01
6.830000000000000000e+02 1.374453893830649975e-01
6.840000000000000000e+02 1.339530173671749924e-01
6.850000000000000000e+02 1.311657830324710061e-01
6.860000000000000000e+02 1.254582101240309944e-01
6.870000000000000000e+02 8.871289981906370359e-02
6.880000000000000000e+02 9.988980116620130301e-02
6.890000000000000000e+02 9.770209731734040559e-02
6.900000000000000000e+02 9.945485059261489902e-02
6.910000000000000000e+02 1.000253092051990034e-01
6.920000000000000000e+02 9.922674241313410304e-02
6.930000000000000000e+02 9.456718270213809729e-02
6.940000000000000000e+02 8.966357086857429382e-02
6.950000000000000000e+02 8.753739923049040639e-02
6.960000000000000000e+02 8.365046762545069736e-02
6.970000000000000000e+02 8.343614901763710123e-02
6.980000000000000000e+02 7.761972189693799873e-02
6.990000000000000000e+02 7.141816799785430381e-02
7.000000000000000000e+02 6.657132482331409862e-02
7.010000000000000000e+02 6.139388527625980196e-02
7.020000000000000000e+02 5.739844551607319739e-02
7.030000000000000000e+02 5.345426360022000056e-02
7.040000000000000000e+02 5.076356083623100035e-02
7.050000000000000000e+02 4.729524437618889965e-02
7.060000000000000000e+02 4.337170295280610294e-02
7.070000000000000000e+02 3.942324180483380153e-02
7.080000000000000000e+02 3.587602885012149828e-02
7.090000000000000000e+02 3.239572598075420029e-02
7.100000000000000000e+02 2.933367391232550095e-02
7.110000000000000000e+02 2.598609676236270094e-02
7.120000000000000000e+02 2.290841372244980037e-02
7.130000000000000000e+02 1.972489694765009946e-02
7.140000000000000000e+02 1.733481614132070109e-02
7.150000000000000000e+02 1.419282663412439922e-02
7.160000000000000000e+02 1.214821745849919976e-02
7.170000000000000000e+02 8.765492008042399807e-03
7.180000000000000000e+02 6.746527296636569901e-03
7.190000000000000000e+02 4.893503397288469919e-03
7.200000000000000000e+02 4.219547413609479707e-03
7.210000000000000000e+02 3.656921064726890123e-03
7.220000000000000000e+02 3.283106509113810183e-03
7.230000000000000000e+02 2.359465449058580078e-03
7.240000000000000000e+02 1.695716442603130035e-03
7.250000000000000000e+02 1.287860025133200038e-03
7.260000000000000000e+02 1.035145168077849934e-03
7.270000000000000000e+02 7.790607306925649784e-04
7.280000000000000000e+02 5.605286547340610458e-04
7.290000000000000000e+02 4.031255422163900056e-04
7.300000000000000000e+02 3.107493585536109850e-04
7.310000000000000000e+02 1.947102199283660029e-04
7.320000000000000000e+02 1.384076992810670027e-04
7.330000000000000000e+02 8.601571336556060169e-05
7.340000000000000000e+02 5.329118291131839730e-05
7.350000000000000000e+02 3.063706833495860056e-05
7.360000000000000000e+02 1.769487650014739863e-05
7.370000000000000000e+02 1.107642233359700064e-05
7.380000000000000000e+02 7.073883702120950065e-06
7.390000000000000000e+02 4.866141232537469879e-06
7.400000000000000000e+02 3.532764898382230199e-06
7.410000000000000000e+02 2.802149004980799906e-06
7.420000000000000000e+02 2.232067066920219929e-06
7.430000000000000000e+02 2.015048205443580178e-06
7.440000000000000000e+02 1.796320360905580093e-06
7.450000000000000000e+02 1.666773357172490097e-06
7.460000000000000000e+02 1.543991217239440085e-06
7.470000000000000000e+02 1.471560558725899919e-06
7.480000000000000000e+02 1.393420506384300041e-06
7.490000000000000000e+02 1.348494094822909927e-06
7.500000000000000000e+02 1.307786418420509999e-06
7.510000000000000000e+02 1.276637678039769967e-06
7.520000000000000000e+02 1.256243650965210015e-06
7.530000000000000000e+02 1.229960065832350009e-06
7.540000000000000000e+02 1.225571776164509964e-06
7.550000000000000000e+02 1.202719055407150023e-06
7.560000000000000000e+02 1.169409662970909907e-06
7.570000000000000000e+02 1.143614758778000089e-06
7.580000000000000000e+02 1.126300057180819950e-06
7.590000000000000000e+02 1.072636603602990064e-06
7.600000000000000000e+02 2.375899902817040095e-07
7.610000000000000000e+02 1.369425254740279946e-07
7.620000000000000000e+02 6.033478007986409753e-07
7.630000000000000000e+02 3.339110270870750102e-07
7.640000000000000000e+02 4.719230805287179746e-07
7.650000000000000000e+02 6.057374676833819926e-07
7.660000000000000000e+02 7.249842008430650342e-07
7.670000000000000000e+02 8.848434619919439616e-07
7.680000000000000000e+02 1.033000552839860050e-06
7.690000000000000000e+02 1.063560336124230064e-06
7.700000000000000000e+02 1.113056349753089932e-06
7.710000000000000000e+02 1.137307261051709960e-06
7.720000000000000000e+02 1.163760726952059977e-06
7.730000000000000000e+02 1.215850440214740090e-06
7.740000000000000000e+02 1.271213046214620041e-06
7.750000000000000000e+02 1.339188973947749979e-06
7.760000000000000000e+02 1.414064920810300044e-06
7.770000000000000000e+02 1.478285097199740044e-06
7.780000000000000000e+02 1.553022828011650099e-06
7.790000000000000000e+02 1.684130384511920028e-06
7.800000000000000000e+02 1.798500953851719985e-06
7.810000000000000000e+02 1.913839595032670011e-06
7.820000000000000000e+02 2.051306202982720005e-06
7.830000000000000000e+02 2.185946584407309881e-06
7.840000000000000000e+02 2.323252462833399938e-06
7.850000000000000000e+02 2.553312296300060047e-06
7.860000000000000000e+02 2.795605105182409983e-06
7.870000000000000000e+02 3.028004407381080184e-06
7.880000000000000000e+02 3.277677566625649998e-06
7.890000000000000000e+02 3.618397224198680091e-06
7.900000000000000000e+02 3.888410503641579594e-06
7.910000000000000000e+02 4.401750221478519927e-06
7.920000000000000000e+02 4.871371279194829607e-06
7.930000000000000000e+02 5.344187031802830191e-06
7.940000000000000000e+02 5.953979942339640264e-06
7.950000000000000000e+02 6.461353870573639764e-06
7.960000000000000000e+02 6.919259086549730312e-06
7.970000000000000000e+02 7.788858961918620547e-06
7.980000000000000000e+02 8.790883746756600418e-06
7.990000000000000000e+02 9.528612123565190101e-06
8.000000000000000000e+02 1.036085709398820060e-05
8.010000000000000000e+02 1.344074189054280077e-05
8.020000000000000000e+02 1.419102827637870063e-05
8.030000000000000000e+02 1.469110658373069942e-05
8.040000000000000000e+02 1.629756137431239877e-05
8.050000000000000000e+02 1.615663803172050065e-05
8.060000000000000000e+02 1.704550849696070139e-05
8.070000000000000000e+02 1.710394160059490085e-05
8.080000000000000000e+02 1.867992354472139968e-05
8.090000000000000000e+02 1.707616992522859910e-05
8.100000000000000000e+02 1.733226278292400107e-05
8.110000000000000000e+02 1.686283065720989844e-05
8.120000000000000000e+02 1.603821619171810013e-05
8.130000000000000000e+02 1.479034029900720004e-05
8.140000000000000000e+02 1.245786714456310074e-05
8.150000000000000000e+02 1.158604173311479942e-05
8.160000000000000000e+02 1.011848663585510061e-05
8.170000000000000000e+02 9.003250441365669160e-06
8.180000000000000000e+02 7.564756840452419894e-06
8.190000000000000000e+02 7.807214962430239627e-06
8.200000000000000000e+02 6.987366334206899936e-06
8.210000000000000000e+02 6.027292083562610355e-06
8.220000000000000000e+02 4.299923438931370122e-06
8.230000000000000000e+02 2.562471416816749928e-06
8.240000000000000000e+02 2.975343703813710193e-06
8.250000000000000000e+02 1.836553437310049943e-06
8.260000000000000000e+02 8.405755414226399517e-07
8.270000000000000000e+02 6.164081287807030520e-07
8.280000000000000000e+02 3.710721723663540227e-07
8.290000000000000000e+02 1.539320827231129911e-07
8.300000000000000000e+02 9.460147224215759362e-08
8.310000000000000000e+02 5.947473883781690194e-08
8.320000000000000000e+02 2.559677248694889926e-08
8.330000000000000000e+02 1.313099918413360052e-08
8.340000000000000000e+02 1.007682105134770043e-08
8.350000000000000000e+02 8.489263712726730051e-09
8.360000000000000000e+02 5.365041961597699724e-09
8.370000000000000000e+02 4.718458787201060324e-09
8.380000000000000000e+02 3.961896371963690274e-09
8.390000000000000000e+02 3.011261470978480150e-09
8.400000000000000000e+02 2.498545375795040091e-09
8.410000000000000000e+02 2.191648003062520163e-09
8.420000000000000000e+02 1.907591916938819928e-09
8.430000000000000000e+02 1.574648645913819922e-09
8.440000000000000000e+02 1.415472010072560008e-09
8.450000000000000000e+02 1.336149276727140049e-09
8.460000000000000000e+02 1.098158275453789969e-09
8.470000000000000000e+02 9.800104687750940278e-10
8.480000000000000000e+02 8.989686814200689978e-10
8.490000000000000000e+02 6.810328204134179672e-10
8.500000000000000000e+02 6.330098558471819889e-10
8.510000000000000000e+02 6.107528424333849549e-10
8.520000000000000000e+02 5.371438566345459859e-10
8.530000000000000000e+02 4.729720911090160148e-10
8.540000000000000000e+02 3.831968333673720092e-10
8.550000000000000000e+02 3.774769387605630029e-10
8.560000000000000000e+02 3.076505212550310037e-10
8.570000000000000000e+02 2.988765481798200216e-10
8.580000000000000000e+02 2.850488942995210224e-10
8.590000000000000000e+02 2.182234536184660062e-10
8.600000000000000000e+02 2.000007254498180053e-10
8.610000000000000000e+02 1.837003838631359996e-10
8.620000000000000000e+02 1.526458758739289973e-10
8.630000000000000000e+02 1.363180139211019927e-10
8.640000000000000000e+02 1.184187182215589956e-10
8.650000000000000000e+02 8.947366116181710638e-11
8.660000000000000000e+02 6.057025887007779613e-11
8.670000000000000000e+02 5.804847026204629900e-11
8.680000000000000000e+02 5.405808396432279959e-11
8.690000000000000000e+02 4.759831152225009888e-11
8.700000000000000000e+02 4.313850037737620255e-11
8.710000000000000000e+02 2.835444536955369983e-11
8.720000000000000000e+02 2.468397520212260004e-11
8.730000000000000000e+02 2.098852927848870049e-11
8.740000000000000000e+02 1.480447598469849845e-11
8.750000000000000000e+02 1.167929376499000040e-11
8.760000000000000000e+02 9.609622255723640391e-12
8.770000000000000000e+02 6.937232080207609960e-12
8.780000000000000000e+02 5.540372801599489979e-12
8.790000000000000000e+02 4.368470084459730288e-12
8.800000000000000000e+02 2.738020332756140061e-12
8.810000000000000000e+02 2.126755860834539845e-12
8.820000000000000000e+02 1.752963476390279999e-12
8.830000000000000000e+02 1.175185464550080078e-12
8.840000000000000000e+02 9.163444427388999905e-13
8.850000000000000000e+02 7.201459487131139646e-13
8.860000000000000000e+02 5.575405534620710322e-13
8.870000000000000000e+02 4.505143631374009846e-13
8.880000000000000000e+02 2.870850164337089909e-13
8.890000000000000000e+02 2.346242928479190197e-13
8.900000000000000000e+02 1.871405747111240105e-13
8.910000000000000000e+02 1.183225339405370083e-13
8.920000000000000000e+02 9.386242290252130626e-14
8.930000000000000000e+02 7.290293444433750349e-14
8.940000000000000000e+02 5.752779899367820192e-14
8.950000000000000000e+02 4.451207204027019783e-14
8.960000000000000000e+02 2.644353043166839891e-14
8.970000000000000000e+02 1.873190342100589933e-14
8.980000000000000000e+02 1.635185778240850064e-14
8.990000000000000000e+02 7.956032517548319277e-15
9.000000000000000000e+02 8.414116714936499993e-15
9.010000000000000000e+02 5.335307815908410323e-15
9.020000000000000000e+02 3.524620481569389844e-15
9.030000000000000000e+02 2.758005661413469941e-15
9.040000000000000000e+02 2.558204636146339920e-15
9.050000000000000000e+02 1.946949828791890136e-15
9.060000000000000000e+02 1.453857482267620097e-15
9.070000000000000000e+02 6.229204587755529690e-16
9.080000000000000000e+02 4.516809391423679795e-16
9.090000000000000000e+02 3.460841684594730144e-16
9.100000000000000000e+02 2.112503271539260024e-16
9.110000000000000000e+02 1.551367872518430001e-16
9.120000000000000000e+02 6.794175099198400309e-17
9.130000000000000000e+02 3.726499599820930011e-17
9.140000000000000000e+02 2.231998384394369926e-17
9.150000000000000000e+02 1.357443827432379972e-17
9.160000000000000000e+02 6.495938849792919993e-18
9.170000000000000000e+02 1.896486665618599832e-18
9.180000000000000000e+02 6.859232713965789749e-19
9.190000000000000000e+02 3.791962521731539868e-19
9.200000000000000000e+02 1.436600815886389886e-19
9.210000000000000000e+02 5.663521704850119650e-20
9.220000000000000000e+02 4.915770619605549771e-21
9.230000000000000000e+02 1.316910403686769982e-21
9.240000000000000000e+02 3.218388462537060044e-22
9.250000000000000000e+02 7.027329741455519754e-23
9.260000000000000000e+02 1.538866274220070099e-23
9.270000000000000000e+02 2.926062683085020129e-24
9.280000000000000000e+02 3.737319485870789798e-25
9.290000000000000000e+02 5.997621788290669976e-27
9.300000000000000000e+02 5.416362185495520448e-28
9.310000000000000000e+02 5.900246760351329473e-29
9.320000000000000000e+02 4.261105653625359907e-30
9.330000000000000000e+02 3.452925744000089844e-31
9.340000000000000000e+02 2.051182911979569947e-32
9.350000000000000000e+02 3.659003713700460257e-33
9.360000000000000000e+02 2.322169098382620046e-35
9.370000000000000000e+02 8.966822832420940197e-37
9.380000000000000000e+02 4.197547072337900023e-38
9.390000000000000000e+02 3.219297283564730211e-39
9.400000000000000000e+02 1.471409404864580097e-40
9.410000000000000000e+02 8.264328517701370247e-44
9.420000000000000000e+02 2.558151860647699959e-45
9.430000000000000000e+02 5.005212079890219616e-47
9.440000000000000000e+02 5.469048427820790350e-49
9.450000000000000000e+02 7.491317097248089654e-51
9.460000000000000000e+02 4.307808982632390329e-53
9.470000000000000000e+02 8.887481056506219407e-55
9.480000000000000000e+02 1.934981379888430069e-57
9.490000000000000000e+02 1.021838691490030009e-59
9.500000000000000000e+02 3.280498064616609911e-66
9.510000000000000000e+02 6.336314018259000219e-69
9.520000000000000000e+02 2.089477623951040075e-72
9.530000000000000000e+02 4.355767204664679778e-76
9.540000000000000000e+02 8.768946402661509435e-80
9.550000000000000000e+02 3.205869027213819829e-83
9.560000000000000000e+02 1.400747433741930047e-86
9.570000000000000000e+02 2.013035572031810112e-89
9.580000000000000000e+02 5.949684920818959932e-92
9.590000000000000000e+02 3.198050908924209871e-94
9.600000000000000000e+02 2.379694276031030021e-96
9.610000000000000000e+02 1.282200934621530061e-99
9.620000000000000000e+02 1.143651896071889880e-100
9.630000000000000000e+02 1.215848019701619985e-101
9.640000000000000000e+02 1.991865316295069908e-102
9.650000000000000000e+02 3.941933183954219812e-103
9.660000000000000000e+02 9.883002518870110598e-104
9.670000000000000000e+02 2.481367106689359938e-104
9.680000000000000000e+02 1.552281278389510151e-104
9.690000000000000000e+02 7.890185746414779416e-105
9.700000000000000000e+02 3.541011168587099731e-105
9.710000000000000000e+02 1.928683039975700166e-105
9.720000000000000000e+02 9.036418369611919340e-106
9.730000000000000000e+02 3.879945018740700159e-106
9.740000000000000000e+02 1.298846965202560043e-106
9.750000000000000000e+02 1.238475429088519971e-106
9.760000000000000000e+02 1.117350808393220057e-106
9.770000000000000000e+02 1.598144477192390109e-106
9.780000000000000000e+02 1.975099680243680071e-106
9.790000000000000000e+02 4.982643664615920244e-106
9.800000000000000000e+02 1.149446155471249965e-105
9.810000000000000000e+02 3.280751444014570119e-105
9.820000000000000000e+02 7.719270379134899933e-105
9.830000000000000000e+02 2.479269832473929990e-104
9.840000000000000000e+02 9.074607069002209823e-104
9.850000000000000000e+02 3.856002242062450117e-103
9.860000000000000000e+02 1.911471759092690198e-102
9.870000000000000000e+02 1.169519140230280028e-101
9.880000000000000000e+02 7.220219962099050509e-101
9.890000000000000000e+02 4.538763088651039923e-100
9.900000000000000000e+02 2.737602589701770136e-99
9.910000000000000000e+02 3.248664280450820136e-98
9.920000000000000000e+02 3.734341452545979910e-97
9.930000000000000000e+02 2.225661851964030007e-96
9.940000000000000000e+02 1.381344271169799918e-95
9.950000000000000000e+02 1.559541955817860114e-94
9.960000000000000000e+02 1.759561373452249989e-93
9.970000000000000000e+02 1.949408856250879871e-92
9.980000000000000000e+02 2.183931319713109982e-91
9.990000000000000000e+02 2.424601653565670008e-90
1.000000000000000000e+03 2.681325580873119964e-89
1.001000000000000000e+03 4.084702656598049921e-88
1.002000000000000000e+03 6.013683477612500075e-87
1.003000000000000000e+03 6.604491294905769596e-86
1.004000000000000000e+03 7.084388881602970053e-85
1.005000000000000000e+03 9.840886709681769597e-84
1.006000000000000000e+03 1.516191055782110000e-82
1.007000000000000000e+03 3.083347322524749952e-81
1.008000000000000000e+03 6.135627850884480322e-80
1.009000000000000000e+03 1.195929179313460075e-78
1.010000000000000000e+03 2.352301702072290053e-77
1.011000000000000000e+03 4.597692107244519874e-76
1.012000000000000000e+03 8.893408683806080475e-75
1.013000000000000000e+03 1.252320820343170036e-73
1.014000000000000000e+03 1.773981434752910086e-72
1.015000000000000000e+03 2.432614207563410112e-71
1.016000000000000000e+03 3.409687585212969807e-70
1.017000000000000000e+03 4.658485753811959603e-69
1.018000000000000000e+03 6.535353545752300396e-68
1.019000000000000000e+03 1.595576896480750107e-66
1.020000000000000000e+03 4.098303987498499899e-65
1.021000000000000000e+03 7.563245575798090230e-64
1.022000000000000000e+03 1.366407605173370011e-62
1.023000000000000000e+03 2.502193997173129853e-61
1.024000000000000000e+03 4.517716096833159819e-60
1.025000000000000000e+03 6.035206678663829592e-59
1.026000000000000000e+03 7.970298368721310645e-58
1.027000000000000000e+03 1.410384935198769908e-56
1.028000000000000000e+03 2.510549379880650148e-55
1.029000000000000000e+03 4.365510299898110113e-54
1.030000000000000000e+03 7.722525103448710038e-53
1.031000000000000000e+03 3.568141317452140193e-52
1.032000000000000000e+03 1.657445078517319858e-51
1.033000000000000000e+03 7.562141572775199902e-51
1.034000000000000000e+03 9.639220963623970070e-50
1.035000000000000000e+03 1.225342174670680015e-48
1.036000000000000000e+03 1.135412987405800109e-47
1.037000000000000000e+03 1.041709741413840094e-46
1.038000000000000000e+03 9.526645118459829404e-46
1.039000000000000000e+03 8.814900573671589837e-45
1.040000000000000000e+03 5.898814188681829533e-44
1.041000000000000000e+03 3.975384166299230040e-43
1.042000000000000000e+03 2.659697019735500005e-42
1.043000000000000000e+03 1.760932804996520127e-41
1.044000000000000000e+03 6.431340206516840284e-41
1.045000000000000000e+03 2.324766686225760029e-40
1.046000000000000000e+03 8.230816908834310437e-40
1.047000000000000000e+03 5.498150977240050126e-39
1.048000000000000000e+03 3.649803969771449911e-38
1.049000000000000000e+03 1.303339364623709956e-37
1.050000000000000000e+03 4.650217446486270025e-37
1.051000000000000000e+03 1.663708687728380035e-36
1.052000000000000000e+03 5.910432041128149676e-36
1.053000000000000000e+03 2.095664187301739923e-35
1.054000000000000000e+03 7.422148041819780470e-35
1.055000000000000000e+03 1.452408003570290102e-34
1.056000000000000000e+03 2.824500137396659934e-34
1.057000000000000000e+03 5.496548449778220179e-34
1.058000000000000000e+03 1.058113692107220056e-33
1.059000000000000000e+03 1.995432652670849873e-33
1.060000000000000000e+03 5.349207248965690150e-33
1.061000000000000000e+03 1.363275550211420079e-32
1.062000000000000000e+03 1.998221234596769981e-32
1.063000000000000000e+03 2.829074748583190064e-32
1.064000000000000000e+03 3.741250516411189820e-32
1.065000000000000000e+03 4.851106186394599848e-32
1.066000000000000000e+03 6.197644686414990096e-32
1.067000000000000000e+03 8.938954950837200137e-32
1.068000000000000000e+03 1.280866296099130052e-31
1.069000000000000000e+03 1.295054239507270106e-31
1.070000000000000000e+03 1.427089286402039925e-31
1.071000000000000000e+03 1.553957752265379943e-31
1.072000000000000000e+03 1.656295176570140053e-31
1.073000000000000000e+03 1.735033288272350106e-31
1.074000000000000000e+03 1.423714580443399921e-31
1.075000000000000000e+03 1.081969734965619951e-31
1.076000000000000000e+03 6.687057117887970512e-32
1.077000000000000000e+03 3.918345622837939797e-32
1.078000000000000000e+03 3.443321310702059877e-32
1.079000000000000000e+03 3.038249411591429920e-32
1.080000000000000000e+03 2.642246902549649891e-32
1.081000000000000000e+03 1.149865461380779940e-32
1.082000000000000000e+03 5.219636503534159948e-33
1.083000000000000000e+03 1.778819372125249955e-33
1.084000000000000000e+03 5.780307380519720328e-34
1.085000000000000000e+03 2.940700503806220161e-34
1.086000000000000000e+03 1.363825045403830045e-34
1.087000000000000000e+03 6.920179452182129543e-35
1.088000000000000000e+03 2.452836284438989887e-35
1.089000000000000000e+03 8.118169776455320592e-36
1.090000000000000000e+03 1.987591002657040059e-36
1.091000000000000000e+03 5.364768884699200309e-37
1.092000000000000000e+03 2.195003819664710129e-37
1.093000000000000000e+03 7.995783494193980205e-38
1.094000000000000000e+03 3.496418496461980033e-38
1.095000000000000000e+03 6.537792671445939848e-39
1.096000000000000000e+03 1.224128941325220032e-39
1.097000000000000000e+03 1.544986178633530024e-40
1.098000000000000000e+03 1.478367866149009927e-41
1.099000000000000000e+03 5.187680177676750027e-42
1.100000000000000000e+03 1.726619226696070039e-42
1.101000000000000000e+03 6.139391972111489957e-43
1.102000000000000000e+03 8.611557419923839684e-44
1.103000000000000000e+03 1.273610017899750086e-44
1.104000000000000000e+03 3.714220020183170256e-45
1.105000000000000000e+03 1.169075493852829939e-45
1.106000000000000000e+03 2.676769978976379942e-46
1.107000000000000000e+03 3.688807689914629803e-47
1.108000000000000000e+03 3.613385833460070228e-48
1.109000000000000000e+03 8.756170661266559821e-49
1.110000000000000000e+03 2.476361751624719987e-49
1.111000000000000000e+03 4.192742756320980125e-50
1.112000000000000000e+03 6.041529106003650586e-51
1.113000000000000000e+03 4.548547439487050368e-52
1.114000000000000000e+03 3.873487204455720101e-52
1.115000000000000000e+03 2.464508734513319908e-52
1.116000000000000000e+03 1.516434913711909961e-52
1.117000000000000000e+03 5.322409600201990342e-54
1.118000000000000000e+03 1.285435269627339971e-54
1.119000000000000000e+03 7.940029936574099953e-56
1.120000000000000000e+03 1.179432573145590018e-56
1.121000000000000000e+03 1.829851160338410043e-57
1.122000000000000000e+03 2.379816099073390148e-59
1.123000000000000000e+03 1.102267487752510014e-60
1.124000000000000000e+03 5.380544349744659893e-62
1.125000000000000000e+03 4.107266495467459821e-63
1.126000000000000000e+03 8.461476962052320358e-65
1.127000000000000000e+03 2.771011197199439984e-67
1.128000000000000000e+03 1.883349174811790104e-70
1.129000000000000000e+03 4.261007751585559721e-73
1.130000000000000000e+03 6.023745364668140249e-76
1.131000000000000000e+03 5.329857518628039557e-78
1.132000000000000000e+03 1.426353884546750069e-83
1.133000000000000000e+03 3.156910935537460012e-89
1.134000000000000000e+03 1.116694391776120040e-94
1.135000000000000000e+03 5.366798994026660128e-100
1.136000000000000000e+03 5.785781507083920516e-104
1.137000000000000000e+03 7.792725582004519607e-110
1.138000000000000000e+03 3.328702513474350160e-116
1.139000000000000000e+03 2.947783952175739752e-122
1.140000000000000000e+03 1.276433164889770059e-132
1.141000000000000000e+03 4.869600013661249584e-143
1.142000000000000000e+03 2.526738279203599910e-150
1.143000000000000000e+03 1.563021412272239849e-157
1.144000000000000000e+03 2.543115409246919888e-165
1.145000000000000000e+03 9.793636585775890252e-177
1.146000000000000000e+03 3.158281875668990301e-188
1.147000000000000000e+03 3.867589341373389826e-195
1.148000000000000000e+03 5.751338353149679795e-201
1.149000000000000000e+03 1.511203117592989957e-207
1.150000000000000000e+03 2.061308288783599863e-214
1.151000000000000000e+03 8.423033182573300060e-221
1.152000000000000000e+03 2.507247010448290168e-227
1.153000000000000000e+03 9.061947506100270527e-234
1.154000000000000000e+03 2.041079229761190097e-240
1.155000000000000000e+03 5.157573522818269802e-243
1.156000000000000000e+03 5.336362403105449810e-246
1.157000000000000000e+03 6.886395484726719632e-249
1.158000000000000000e+03 4.957274021478459615e-251
1.159000000000000000e+03 3.890386065676639715e-253
1.160000000000000000e+03 2.404910253507129829e-255
1.161000000000000000e+03 2.161395589218070115e-257
1.162000000000000000e+03 1.614917733492579891e-259
1.163000000000000000e+03 5.956644061679639860e-260
1.164000000000000000e+03 1.411856797337949943e-260
1.165000000000000000e+03 3.770157682399920213e-261
1.166000000000000000e+03 1.011016349704830004e-261
1.167000000000000000e+03 3.070604704969740007e-262
1.168000000000000000e+03 8.732385837641430315e-263
1.169000000000000000e+03 2.462271830169059860e-263
1.170000000000000000e+03 7.463453657596350249e-264
1.171000000000000000e+03 2.040436100618789911e-264
1.172000000000000000e+03 1.637601232966539893e-266
1.173000000000000000e+03 1.300048139010820056e-268
1.174000000000000000e+03 1.623715606676050105e-268
1.175000000000000000e+03 3.674063990109789965e-268
1.176000000000000000e+03 6.535060130015650202e-268
1.177000000000000000e+03 1.845688515321000027e-268
1.178000000000000000e+03 4.016247724945189972e-269
1.179000000000000000e+03 1.534702300126789974e-269
1.180000000000000000e+03 4.014362426012069847e-270
1.181000000000000000e+03 1.189017707524089970e-270
1.182000000000000000e+03 2.427212020387939992e-271
1.183000000000000000e+03 3.913329661119910294e-272
1.184000000000000000e+03 4.461622573825759823e-273
1.185000000000000000e+03 1.257249945926109900e-273
1.186000000000000000e+03 4.269883228177119806e-274
1.187000000000000000e+03 1.184437871418669974e-274
1.188000000000000000e+03 2.548532316807490072e-275
1.189000000000000000e+03 9.220741244122270796e-276
1.190000000000000000e+03 2.994625950580049827e-276
1.191000000000000000e+03 8.504933848002480330e-277
1.192000000000000000e+03 2.648135642763939892e-277
1.193000000000000000e+03 7.472679409614549615e-278
1.194000000000000000e+03 2.280206761819130099e-278
1.195000000000000000e+03 6.429672637929090308e-279
1.196000000000000000e+03 1.835317903921230049e-279
1.197000000000000000e+03 3.462680439240059937e-279
1.198000000000000000e+03 5.377979767306429661e-279
1.199000000000000000e+03 7.726600159181710586e-279
1.200000000000000000e+03 2.208208677247379952e-277
1.201000000000000000e+03 5.016114277521969980e-276
1.202000000000000000e+03 1.490602776700130052e-276
1.203000000000000000e+03 4.396628375833860214e-277
1.204000000000000000e+03 1.092047078356949996e-277
1.205000000000000000e+03 1.263415731230970032e-276
1.206000000000000000e+03 1.334983096332539945e-275
1.207000000000000000e+03 1.147734450655979973e-274
1.208000000000000000e+03 1.947251322814279941e-274
1.209000000000000000e+03 3.131964421580029999e-274
1.210000000000000000e+03 5.766328180633429979e-274
1.211000000000000000e+03 5.071059093256889927e-273
1.212000000000000000e+03 4.815725049082640177e-272
1.213000000000000000e+03 5.018782811866229854e-271
1.214000000000000000e+03 7.739798635811790137e-271
1.215000000000000000e+03 1.271973404831729997e-270
1.216000000000000000e+03 2.310574831352199800e-270
1.217000000000000000e+03 1.165604705891289982e-268
1.218000000000000000e+03 6.075769039785769846e-267
1.219000000000000000e+03 3.053073489972249848e-265
1.220000000000000000e+03 5.149724790615220149e-265
1.221000000000000000e+03 8.604153141700029640e-265
1.222000000000000000e+03 1.373310914021239948e-264
1.223000000000000000e+03 1.225510673781259933e-263
1.224000000000000000e+03 1.121740916129640065e-262
1.225000000000000000e+03 1.049619944699289954e-261
1.226000000000000000e+03 1.732830902482099929e-261
1.227000000000000000e+03 2.614361716682720053e-261
1.228000000000000000e+03 4.590626697565830393e-261
1.229000000000000000e+03 4.098142713088350313e-260
1.230000000000000000e+03 3.597553973697959929e-259
1.231000000000000000e+03 3.290153031531140112e-258
1.232000000000000000e+03 2.866952281349860137e-257
1.233000000000000000e+03 2.462378898602939915e-256
1.234000000000000000e+03 2.248605863793859872e-255
1.235000000000000000e+03 1.941353841439940163e-254
1.236000000000000000e+03 1.709079407832339875e-253
1.237000000000000000e+03 1.473782152042559921e-252
1.238000000000000000e+03 2.374085980112270064e-252
1.239000000000000000e+03 3.744777796287530173e-252
1.240000000000000000e+03 5.948938802827339554e-252
1.241000000000000000e+03 5.119181922204140021e-251
1.242000000000000000e+03 4.398158624574720041e-250
1.243000000000000000e+03 3.734599685079119881e-249
1.244000000000000000e+03 3.156627336938960189e-248
1.245000000000000000e+03 2.688749082754040140e-247
1.246000000000000000e+03 2.298421464844220083e-246
1.247000000000000000e+03 1.263320901890920097e-245
1.248000000000000000e+03 6.991537436768640007e-245
1.249000000000000000e+03 3.868299336590810245e-244
1.250000000000000000e+03 2.123337862375309940e-243
1.251000000000000000e+03 1.746273471224959982e-242
1.252000000000000000e+03 1.445082033875620026e-241
1.253000000000000000e+03 1.191675531143659985e-240
1.254000000000000000e+03 1.832066287620129972e-240
1.255000000000000000e+03 2.887323654607260241e-240
1.256000000000000000e+03 4.376305419404470234e-240
1.257000000000000000e+03 6.700886696867039634e-240
1.258000000000000000e+03 1.060411166569169905e-239
1.259000000000000000e+03 1.576984375692880100e-239
1.260000000000000000e+03 1.292229933821310073e-238
1.261000000000000000e+03 1.002028412736109978e-237
1.262000000000000000e+03 7.826981052226939583e-237
1.263000000000000000e+03 1.215750591452370013e-236
1.264000000000000000e+03 1.733873837831119974e-236
1.265000000000000000e+03 2.835157264981930035e-236
1.266000000000000000e+03 4.230132320009040028e-236
1.267000000000000000e+03 6.529744161213199572e-236
1.268000000000000000e+03 9.550705094507569262e-236
1.269000000000000000e+03 9.757425092782629155e-236
1.270000000000000000e+03 4.506458535075520240e-236
1.271000000000000000e+03 1.398259927566250042e-236
1.272000000000000000e+03 4.124634099790580171e-237
1.273000000000000000e+03 2.349590192136380068e-238
1.274000000000000000e+03 1.346356531667209976e-239
1.275000000000000000e+03 7.834194068651470525e-241
1.276000000000000000e+03 2.369285015331149892e-241
1.277000000000000000e+03 7.138947871308989659e-242
1.278000000000000000e+03 2.173727646312099980e-242
1.279000000000000000e+03 8.431719796577080276e-244
1.280000000000000000e+03 3.274566678939500105e-245
1.281000000000000000e+03 1.252860726181770101e-246
1.282000000000000000e+03 4.416923881944109930e-248
1.283000000000000000e+03 5.648747167226820123e-250
1.284000000000000000e+03 6.834593697773419642e-252
1.285000000000000000e+03 8.065896285374969731e-254
1.286000000000000000e+03 4.939614121932999971e-255
1.287000000000000000e+03 2.968036115440910223e-256
1.288000000000000000e+03 1.794751701159799949e-257
1.289000000000000000e+03 2.135108731158000082e-259
1.290000000000000000e+03 2.626485299343609991e-261
1.291000000000000000e+03 3.243210455589670191e-263
1.292000000000000000e+03 3.752955090831329822e-265
1.293000000000000000e+03 9.688316052948119594e-268
1.294000000000000000e+03 2.353829838716940195e-270
1.295000000000000000e+03 5.850377686060170022e-273
1.296000000000000000e+03 2.856884738272899934e-276
1.297000000000000000e+03 1.382793075877689992e-279
1.298000000000000000e+03 7.405415847434780265e-283
1.299000000000000000e+03 9.124646655863120391e-286
1.300000000000000000e+03 9.332550922198500661e-289
1.301000000000000000e+03 0.000000000000000000e+00
1.302000000000000000e+03 0.000000000000000000e+00
1.303000000000000000e+03 0.000000000000000000e+00
1.304000000000000000e+03 0.000000000000000000e+00
1.305000000000000000e+03 0.000000000000000000e+00
1.306000000000000000e+03 0.000000000000000000e+00
1.307000000000000000e+03 0.000000000000000000e+00
1.308000000000000000e+03 0.000000000000000000e+00
1.309000000000000000e+03 0.000000000000000000e+00
1.310000000000000000e+03 0.000000000000000000e+00
1.311000000000000000e+03 0.000000000000000000e+00
1.312000000000000000e+03 0.000000000000000000e+00
1.313000000000000000e+03 0.000000000000000000e+00
1.314000000000000000e+03 0.000000000000000000e+00
1.315000000000000000e+03 0.000000000000000000e+00
1.316000000000000000e+03 0.000000000000000000e+00
1.317000000000000000e+03 0.000000000000000000e+00
1.318000000000000000e+03 0.000000000000000000e+00
1.319000000000000000e+03 0.000000000000000000e+00
1.320000000000000000e+03 0.000000000000000000e+00
1.321000000000000000e+03 0.000000000000000000e+00
1.322000000000000000e+03 0.000000000000000000e+00
1.323000000000000000e+03 0.000000000000000000e+00
1.324000000000000000e+03 0.000000000000000000e+00
1.325000000000000000e+03 0.000000000000000000e+00
1.326000000000000000e+03 0.000000000000000000e+00
1.327000000000000000e+03 0.000000000000000000e+00
1.328000000000000000e+03 0.000000000000000000e+00
1.329000000000000000e+03 0.000000000000000000e+00
1.330000000000000000e+03 0.000000000000000000e+00
1.331000000000000000e+03 0.000000000000000000e+00
1.332000000000000000e+03 0.000000000000000000e+00
1.333000000000000000e+03 0.000000000000000000e+00
1.334000000000000000e+03 0.000000000000000000e+00
1.335000000000000000e+03 0.000000000000000000e+00
1.336000000000000000e+03 0.000000000000000000e+00
1.337000000000000000e+03 0.000000000000000000e+00
1.338000000000000000e+03 0.000000000000000000e+00
1.339000000000000000e+03 0.000000000000000000e+00
1.340000000000000000e+03 0.000000000000000000e+00
1.341000000000000000e+03 0.000000000000000000e+00
1.342000000000000000e+03 0.000000000000000000e+00
1.343000000000000000e+03 0.000000000000000000e+00
1.344000000000000000e+03 0.000000000000000000e+00
1.345000000000000000e+03 0.000000000000000000e+00
1.346000000000000000e+03 0.000000000000000000e+00
1.347000000000000000e+03 0.000000000000000000e+00
1.348000000000000000e+03 0.000000000000000000e+00
1.349000000000000000e+03 0.000000000000000000e+00
1.350000000000000000e+03 0.000000000000000000e+00
1.351000000000000000e+03 0.000000000000000000e+00
1.352000000000000000e+03 0.000000000000000000e+00
1.353000000000000000e+03 0.000000000000000000e+00
1.354000000000000000e+03 0.000000000000000000e+00
1.355000000000000000e+03 0.000000000000000000e+00
1.356000000000000000e+03 0.000000000000000000e+00
1.357000000000000000e+03 0.000000000000000000e+00
1.358000000000000000e+03 0.000000000000000000e+00
1.359000000000000000e+03 0.000000000000000000e+00
1.360000000000000000e+03 0.000000000000000000e+00
1.361000000000000000e+03 0.000000000000000000e+00
1.362000000000000000e+03 0.000000000000000000e+00
1.363000000000000000e+03 0.000000000000000000e+00
1.364000000000000000e+03 0.000000000000000000e+00
1.365000000000000000e+03 0.000000000000000000e+00
1.366000000000000000e+03 0.000000000000000000e+00
1.367000000000000000e+03 0.000000000000000000e+00
1.368000000000000000e+03 0.000000000000000000e+00
1.369000000000000000e+03 0.000000000000000000e+00
1.370000000000000000e+03 0.000000000000000000e+00
1.371000000000000000e+03 0.000000000000000000e+00
1.372000000000000000e+03 0.000000000000000000e+00
1.373000000000000000e+03 0.000000000000000000e+00
1.374000000000000000e+03 0.000000000000000000e+00
1.375000000000000000e+03 0.000000000000000000e+00
1.376000000000000000e+03 0.000000000000000000e+00
1.377000000000000000e+03 0.000000000000000000e+00
1.378000000000000000e+03 0.000000000000000000e+00
1.379000000000000000e+03 0.000000000000000000e+00
1.380000000000000000e+03 0.000000000000000000e+00
1.381000000000000000e+03 0.000000000000000000e+00
1.382000000000000000e+03 0.000000000000000000e+00
1.383000000000000000e+03 0.000000000000000000e+00
1.384000000000000000e+03 0.000000000000000000e+00
1.385000000000000000e+03 0.000000000000000000e+00
1.386000000000000000e+03 0.000000000000000000e+00
1.387000000000000000e+03 0.000000000000000000e+00
1.388000000000000000e+03 0.000000000000000000e+00
1.389000000000000000e+03 0.000000000000000000e+00
1.390000000000000000e+03 0.000000000000000000e+00
1.391000000000000000e+03 0.000000000000000000e+00
1.392000000000000000e+03 0.000000000000000000e+00
1.393000000000000000e+03 0.000000000000000000e+00
1.394000000000000000e+03 0.000000000000000000e+00
1.395000000000000000e+03 0.000000000000000000e+00
1.396000000000000000e+03 0.000000000000000000e+00
1.397000000000000000e+03 0.000000000000000000e+00
1.398000000000000000e+03 0.000000000000000000e+00
1.399000000000000000e+03 0.000000000000000000e+00
1.400000000000000000e+03 0.000000000000000000e+00
1.401000000000000000e+03 0.000000000000000000e+00
1.402000000000000000e+03 0.000000000000000000e+00
1.403000000000000000e+03 0.000000000000000000e+00
1.404000000000000000e+03 0.000000000000000000e+00
1.405000000000000000e+03 0.000000000000000000e+00
1.406000000000000000e+03 0.000000000000000000e+00
1.407000000000000000e+03 0.000000000000000000e+00
1.408000000000000000e+03 0.000000000000000000e+00
1.409000000000000000e+03 0.000000000000000000e+00
1.410000000000000000e+03 0.000000000000000000e+00
1.411000000000000000e+03 0.000000000000000000e+00
1.412000000000000000e+03 0.000000000000000000e+00
1.413000000000000000e+03 0.000000000000000000e+00
1.414000000000000000e+03 0.000000000000000000e+00
1.415000000000000000e+03 0.000000000000000000e+00
1.416000000000000000e+03 0.000000000000000000e+00
1.417000000000000000e+03 0.000000000000000000e+00
1.418000000000000000e+03 0.000000000000000000e+00
1.419000000000000000e+03 0.000000000000000000e+00
1.420000000000000000e+03 0.000000000000000000e+00
1.421000000000000000e+03 0.000000000000000000e+00
1.422000000000000000e+03 0.000000000000000000e+00
1.423000000000000000e+03 0.000000000000000000e+00
1.424000000000000000e+03 0.000000000000000000e+00
1.425000000000000000e+03 0.000000000000000000e+00
1.426000000000000000e+03 0.000000000000000000e+00
1.427000000000000000e+03 0.000000000000000000e+00
1.428000000000000000e+03 0.000000000000000000e+00
1.429000000000000000e+03 0.000000000000000000e+00
1.430000000000000000e+03 0.000000000000000000e+00
1.431000000000000000e+03 0.000000000000000000e+00
1.432000000000000000e+03 0.000000000000000000e+00
1.433000000000000000e+03 0.000000000000000000e+00
1.434000000000000000e+03 0.000000000000000000e+00
1.435000000000000000e+03 0.000000000000000000e+00
1.436000000000000000e+03 0.000000000000000000e+00
1.437000000000000000e+03 0.000000000000000000e+00
1.438000000000000000e+03 0.000000000000000000e+00
1.439000000000000000e+03 0.000000000000000000e+00
1.440000000000000000e+03 0.000000000000000000e+00
1.441000000000000000e+03 0.000000000000000000e+00
1.442000000000000000e+03 0.000000000000000000e+00
1.443000000000000000e+03 0.000000000000000000e+00
1.444000000000000000e+03 0.000000000000000000e+00
1.445000000000000000e+03 0.000000000000000000e+00
1.446000000000000000e+03 0.000000000000000000e+00
1.447000000000000000e+03 0.000000000000000000e+00
1.448000000000000000e+03 0.000000000000000000e+00
1.449000000000000000e+03 0.000000000000000000e+00
1.450000000000000000e+03 0.000000000000000000e+00
1.451000000000000000e+03 0.000000000000000000e+00
1.452000000000000000e+03 0.000000000000000000e+00
1.453000000000000000e+03 0.000000000000000000e+00
1.454000000000000000e+03 0.000000000000000000e+00
1.455000000000000000e+03 0.000000000000000000e+00
1.456000000000000000e+03 0.000000000000000000e+00
1.457000000000000000e+03 0.000000000000000000e+00
1.458000000000000000e+03 0.000000000000000000e+00
1.459000000000000000e+03 0.000000000000000000e+00
1.460000000000000000e+03 0.000000000000000000e+00
1.461000000000000000e+03 0.000000000000000000e+00
1.462000000000000000e+03 0.000000000000000000e+00
1.463000000000000000e+03 0.000000000000000000e+00
1.464000000000000000e+03 0.000000000000000000e+00
1.465000000000000000e+03 0.000000000000000000e+00
1.466000000000000000e+03 0.000000000000000000e+00
1.467000000000000000e+03 0.000000000000000000e+00
1.468000000000000000e+03 0.000000000000000000e+00
1.469000000000000000e+03 0.000000000000000000e+00
1.470000000000000000e+03 0.000000000000000000e+00
1.471000000000000000e+03 0.000000000000000000e+00
1.472000000000000000e+03 0.000000000000000000e+00
1.473000000000000000e+03 0.000000000000000000e+00
1.474000000000000000e+03 0.000000000000000000e+00
1.475000000000000000e+03 0.000000000000000000e+00
1.476000000000000000e+03 0.000000000000000000e+00
1.477000000000000000e+03 0.000000000000000000e+00
1.478000000000000000e+03 0.000000000000000000e+00
1.479000000000000000e+03 0.000000000000000000e+00
1.480000000000000000e+03 0.000000000000000000e+00
1.481000000000000000e+03 0.000000000000000000e+00
1.482000000000000000e+03 0.000000000000000000e+00
1.483000000000000000e+03 0.000000000000000000e+00
1.484000000000000000e+03 0.000000000000000000e+00
1.485000000000000000e+03 0.000000000000000000e+00
1.486000000000000000e+03 0.000000000000000000e+00
1.487000000000000000e+03 0.000000000000000000e+00
1.488000000000000000e+03 0.000000000000000000e+00
1.489000000000000000e+03 0.000000000000000000e+00
1.490000000000000000e+03 0.000000000000000000e+00
1.491000000000000000e+03 0.000000000000000000e+00
1.492000000000000000e+03 0.000000000000000000e+00
1.493000000000000000e+03 0.000000000000000000e+00
1.494000000000000000e+03 0.000000000000000000e+00
1.495000000000000000e+03 0.000000000000000000e+00
1.496000000000000000e+03 0.000000000000000000e+00
1.497000000000000000e+03 0.000000000000000000e+00
1.498000000000000000e+03 0.000000000000000000e+00
1.499000000000000000e+03 0.000000000000000000e+00
1.500000000000000000e+03 0.000000000000000000e+00
1.501000000000000000e+03 0.000000000000000000e+00
1.502000000000000000e+03 0.000000000000000000e+00
1.503000000000000000e+03 0.000000000000000000e+00
1.504000000000000000e+03 0.000000000000000000e+00
1.505000000000000000e+03 0.000000000000000000e+00
1.506000000000000000e+03 0.000000000000000000e+00
1.507000000000000000e+03 0.000000000000000000e+00
1.508000000000000000e+03 0.000000000000000000e+00
1.509000000000000000e+03 0.000000000000000000e+00
1.510000000000000000e+03 0.000000000000000000e+00
1.511000000000000000e+03 0.000000000000000000e+00
1.512000000000000000e+03 0.000000000000000000e+00
1.513000000000000000e+03 0.000000000000000000e+00
1.514000000000000000e+03 0.000000000000000000e+00
1.515000000000000000e+03 0.000000000000000000e+00
1.516000000000000000e+03 0.000000000000000000e+00
1.517000000000000000e+03 0.000000000000000000e+00
1.518000000000000000e+03 0.000000000000000000e+00
1.519000000000000000e+03 0.000000000000000000e+00
1.520000000000000000e+03 0.000000000000000000e+00
1.521000000000000000e+03 0.000000000000000000e+00
1.522000000000000000e+03 0.000000000000000000e+00
1.523000000000000000e+03 0.000000000000000000e+00
1.524000000000000000e+03 0.000000000000000000e+00
1.525000000000000000e+03 0.000000000000000000e+00
1.526000000000000000e+03 0.000000000000000000e+00
1.527000000000000000e+03 0.000000000000000000e+00
1.528000000000000000e+03 0.000000000000000000e+00
1.529000000000000000e+03 0.000000000000000000e+00
1.530000000000000000e+03 0.000000000000000000e+00
1.531000000000000000e+03 0.000000000000000000e+00
1.532000000000000000e+03 0.000000000000000000e+00
1.533000000000000000e+03 0.000000000000000000e+00
1.534000000000000000e+03 0.000000000000000000e+00
1.535000000000000000e+03 0.000000000000000000e+00
1.536000000000000000e+03 0.000000000000000000e+00
1.537000000000000000e+03 0.000000000000000000e+00
1.538000000000000000e+03 0.000000000000000000e+00
1.539000000000000000e+03 0.000000000000000000e+00
1.540000000000000000e+03 0.000000000000000000e+00
1.541000000000000000e+03 0.000000000000000000e+00
1.542000000000000000e+03 0.000000000000000000e+00
1.543000000000000000e+03 0.000000000000000000e+00
1.544000000000000000e+03 0.000000000000000000e+00
1.545000000000000000e+03 0.000000000000000000e+00
1.546000000000000000e+03 0.000000000000000000e+00
1.547000000000000000e+03 0.000000000000000000e+00
1.548000000000000000e+03 0.000000000000000000e+00
1.549000000000000000e+03 0.000000000000000000e+00
1.550000000000000000e+03 0.000000000000000000e+00
1.551000000000000000e+03 0.000000000000000000e+00
1.552000000000000000e+03 0.000000000000000000e+00
1.553000000000000000e+03 0.000000000000000000e+00
1.554000000000000000e+03 0.000000000000000000e+00
1.555000000000000000e+03 0.000000000000000000e+00
1.556000000000000000e+03 0.000000000000000000e+00
1.557000000000000000e+03 0.000000000000000000e+00
1.558000000000000000e+03 0.000000000000000000e+00
1.559000000000000000e+03 0.000000000000000000e+00
1.560000000000000000e+03 0.000000000000000000e+00
1.561000000000000000e+03 0.000000000000000000e+00
1.562000000000000000e+03 0.000000000000000000e+00
1.563000000000000000e+03 0.000000000000000000e+00
1.564000000000000000e+03 0.000000000000000000e+00
1.565000000000000000e+03 0.000000000000000000e+00
1.566000000000000000e+03 0.000000000000000000e+00
1.567000000000000000e+03 0.000000000000000000e+00
1.568000000000000000e+03 0.000000000000000000e+00
1.569000000000000000e+03 0.000000000000000000e+00
1.570000000000000000e+03 0.000000000000000000e+00
1.571000000000000000e+03 0.000000000000000000e+00
1.572000000000000000e+03 0.000000000000000000e+00
1.573000000000000000e+03 0.000000000000000000e+00
1.574000000000000000e+03 0.000000000000000000e+00
1.575000000000000000e+03 0.000000000000000000e+00
1.576000000000000000e+03 0.000000000000000000e+00
1.577000000000000000e+03 0.000000000000000000e+00
1.578000000000000000e+03 0.000000000000000000e+00
1.579000000000000000e+03 0.000000000000000000e+00
1.580000000000000000e+03 0.000000000000000000e+00
1.581000000000000000e+03 0.000000000000000000e+00
1.582000000000000000e+03 0.000000000000000000e+00
1.583000000000000000e+03 0.000000000000000000e+00
1.584000000000000000e+03 0.000000000000000000e+00
1.585000000000000000e+03 0.000000000000000000e+00
1.586000000000000000e+03 0.000000000000000000e+00
1.587000000000000000e+03 0.000000000000000000e+00
1.588000000000000000e+03 0.000000000000000000e+00
1.589000000000000000e+03 0.000000000000000000e+00
1.590000000000000000e+03 0.000000000000000000e+00
1.591000000000000000e+03 0.000000000000000000e+00
1.592000000000000000e+03 0.000000000000000000e+00
1.593000000000000000e+03 0.000000000000000000e+00
1.594000000000000000e+03 0.000000000000000000e+00
1.595000000000000000e+03 0.000000000000000000e+00
1.596000000000000000e+03 0.000000000000000000e+00
1.597000000000000000e+03 0.000000000000000000e+00
1.598000000000000000e+03 0.000000000000000000e+00
1.599000000000000000e+03 0.000000000000000000e+00
1.600000000000000000e+03 0.000000000000000000e+00
1.601000000000000000e+03 0.000000000000000000e+00
1.602000000000000000e+03 0.000000000000000000e+00
1.603000000000000000e+03 0.000000000000000000e+00
1.604000000000000000e+03 0.000000000000000000e+00
1.605000000000000000e+03 0.000000000000000000e+00
1.606000000000000000e+03 0.000000000000000000e+00
1.607000000000000000e+03 0.000000000000000000e+00
1.608000000000000000e+03 0.000000000000000000e+00
1.609000000000000000e+03 0.000000000000000000e+00
1.610000000000000000e+03 0.000000000000000000e+00
1.611000000000000000e+03 0.000000000000000000e+00
1.612000000000000000e+03 0.000000000000000000e+00
1.613000000000000000e+03 0.000000000000000000e+00
1.614000000000000000e+03 0.000000000000000000e+00
1.615000000000000000e+03 0.000000000000000000e+00
1.616000000000000000e+03 0.000000000000000000e+00
1.617000000000000000e+03 0.000000000000000000e+00
1.618000000000000000e+03 0.000000000000000000e+00
1.619000000000000000e+03 0.000000000000000000e+00
1.620000000000000000e+03 0.000000000000000000e+00
1.621000000000000000e+03 0.000000000000000000e+00
1.622000000000000000e+03 0.000000000000000000e+00
1.623000000000000000e+03 0.000000000000000000e+00
1.624000000000000000e+03 0.000000000000000000e+00
1.625000000000000000e+03 0.000000000000000000e+00
1.626000000000000000e+03 0.000000000000000000e+00
1.627000000000000000e+03 0.000000000000000000e+00
1.628000000000000000e+03 0.000000000000000000e+00
1.629000000000000000e+03 0.000000000000000000e+00
1.630000000000000000e+03 0.000000000000000000e+00
1.631000000000000000e+03 0.000000000000000000e+00
1.632000000000000000e+03 0.000000000000000000e+00
1.633000000000000000e+03 0.000000000000000000e+00
1.634000000000000000e+03 0.000000000000000000e+00
1.635000000000000000e+03 0.000000000000000000e+00
1.636000000000000000e+03 0.000000000000000000e+00
1.637000000000000000e+03 0.000000000000000000e+00
1.638000000000000000e+03 0.000000000000000000e+00
1.639000000000000000e+03 0.000000000000000000e+00
1.640000000000000000e+03 0.000000000000000000e+00
1.641000000000000000e+03 0.000000000000000000e+00
1.642000000000000000e+03 0.000000000000000000e+00
1.643000000000000000e+03 0.000000000000000000e+00
1.644000000000000000e+03 0.000000000000000000e+00
1.645000000000000000e+03 0.000000000000000000e+00
1.646000000000000000e+03 0.000000000000000000e+00
1.647000000000000000e+03 0.000000000000000000e+00
1.648000000000000000e+03 0.000000000000000000e+00
1.649000000000000000e+03 0.000000000000000000e+00
1.650000000000000000e+03 0.000000000000000000e+00
1.651000000000000000e+03 0.000000000000000000e+00
1.652000000000000000e+03 0.000000000000000000e+00
1.653000000000000000e+03 0.000000000000000000e+00
1.654000000000000000e+03 0.000000000000000000e+00
1.655000000000000000e+03 0.000000000000000000e+00
1.656000000000000000e+03 0.000000000000000000e+00
1.657000000000000000e+03 0.000000000000000000e+00
1.658000000000000000e+03 0.000000000000000000e+00
1.659000000000000000e+03 0.000000000000000000e+00
1.660000000000000000e+03 0.000000000000000000e+00
1.661000000000000000e+03 0.000000000000000000e+00
1.662000000000000000e+03 0.000000000000000000e+00
1.663000000000000000e+03 0.000000000000000000e+00
1.664000000000000000e+03 0.000000000000000000e+00
1.665000000000000000e+03 0.000000000000000000e+00
1.666000000000000000e+03 0.000000000000000000e+00
1.667000000000000000e+03 0.000000000000000000e+00
1.668000000000000000e+03 0.000000000000000000e+00
1.669000000000000000e+03 0.000000000000000000e+00
1.670000000000000000e+03 0.000000000000000000e+00
1.671000000000000000e+03 0.000000000000000000e+00
1.672000000000000000e+03 0.000000000000000000e+00
1.673000000000000000e+03 0.000000000000000000e+00
1.674000000000000000e+03 0.000000000000000000e+00
1.675000000000000000e+03 0.000000000000000000e+00
1.676000000000000000e+03 0.000000000000000000e+00
1.677000000000000000e+03 0.000000000000000000e+00
1.678000000000000000e+03 0.000000000000000000e+00
1.679000000000000000e+03 0.000000000000000000e+00
1.680000000000000000e+03 0.000000000000000000e+00
1.681000000000000000e+03 0.000000000000000000e+00
1.682000000000000000e+03 0.000000000000000000e+00
1.683000000000000000e+03 0.000000000000000000e+00
1.684000000000000000e+03 0.000000000000000000e+00
1.685000000000000000e+03 0.000000000000000000e+00
1.686000000000000000e+03 0.000000000000000000e+00
1.687000000000000000e+03 0.000000000000000000e+00
1.688000000000000000e+03 0.000000000000000000e+00
1.689000000000000000e+03 0.000000000000000000e+00
1.690000000000000000e+03 0.000000000000000000e+00
1.691000000000000000e+03 0.000000000000000000e+00
1.692000000000000000e+03 0.000000000000000000e+00
1.693000000000000000e+03 0.000000000000000000e+00
1.694000000000000000e+03 0.000000000000000000e+00
1.695000000000000000e+03 0.000000000000000000e+00
1.696000000000000000e+03 0.000000000000000000e+00
1.697000000000000000e+03 0.000000000000000000e+00
1.698000000000000000e+03 0.000000000000000000e+00
1.699000000000000000e+03 0.000000000000000000e+00
1.700000000000000000e+03 0.000000000000000000e+00
1.702000000000000000e+03 0.000000000000000000e+00
1.705000000000000000e+03 0.000000000000000000e+00
1.710000000000000000e+03 0.000000000000000000e+00
1.715000000000000000e+03 0.000000000000000000e+00
1.720000000000000000e+03 0.000000000000000000e+00
1.725000000000000000e+03 0.000000000000000000e+00
1.730000000000000000e+03 0.000000000000000000e+00
1.735000000000000000e+03 0.000000000000000000e+00
1.740000000000000000e+03 0.000000000000000000e+00
1.745000000000000000e+03 0.000000000000000000e+00
1.750000000000000000e+03 0.000000000000000000e+00
1.755000000000000000e+03 0.000000000000000000e+00
1.760000000000000000e+03 0.000000000000000000e+00
1.765000000000000000e+03 0.000000000000000000e+00
1.770000000000000000e+03 0.000000000000000000e+00
1.775000000000000000e+03 0.000000000000000000e+00
1.780000000000000000e+03 0.000000000000000000e+00
1.785000000000000000e+03 0.000000000000000000e+00
1.790000000000000000e+03 0.000000000000000000e+00
1.795000000000000000e+03 0.000000000000000000e+00
1.800000000000000000e+03 0.000000000000000000e+00
1.805000000000000000e+03 0.000000000000000000e+00
1.810000000000000000e+03 0.000000000000000000e+00
1.815000000000000000e+03 0.000000000000000000e+00
1.820000000000000000e+03 0.000000000000000000e+00
1.825000000000000000e+03 0.000000000000000000e+00
1.830000000000000000e+03 0.000000000000000000e+00
1.835000000000000000e+03 0.000000000000000000e+00
1.840000000000000000e+03 0.000000000000000000e+00
1.845000000000000000e+03 0.000000000000000000e+00
1.850000000000000000e+03 0.000000000000000000e+00
1.855000000000000000e+03 0.000000000000000000e+00
1.860000000000000000e+03 0.000000000000000000e+00
1.865000000000000000e+03 0.000000000000000000e+00
1.870000000000000000e+03 0.000000000000000000e+00
1.875000000000000000e+03 0.000000000000000000e+00
1.880000000000000000e+03 0.000000000000000000e+00
1.885000000000000000e+03 0.000000000000000000e+00
1.890000000000000000e+03 0.000000000000000000e+00
1.895000000000000000e+03 0.000000000000000000e+00
1.900000000000000000e+03 0.000000000000000000e+00
1.905000000000000000e+03 0.000000000000000000e+00
1.910000000000000000e+03 0.000000000000000000e+00
1.915000000000000000e+03 0.000000000000000000e+00
1.920000000000000000e+03 0.000000000000000000e+00
1.925000000000000000e+03 0.000000000000000000e+00
1.930000000000000000e+03 0.000000000000000000e+00
1.935000000000000000e+03 0.000000000000000000e+00
1.940000000000000000e+03 0.000000000000000000e+00
1.945000000000000000e+03 0.000000000000000000e+00
1.950000000000000000e+03 0.000000000000000000e+00
1.955000000000000000e+03 0.000000000000000000e+00
1.960000000000000000e+03 0.000000000000000000e+00
1.965000000000000000e+03 0.000000000000000000e+00
1.970000000000000000e+03 0.000000000000000000e+00
1.975000000000000000e+03 0.000000000000000000e+00
1.980000000000000000e+03 0.000000000000000000e+00
1.985000000000000000e+03 0.000000000000000000e+00
1.990000000000000000e+03 0.000000000000000000e+00
1.995000000000000000e+03 0.000000000000000000e+00
2.000000000000000000e+03 0.000000000000000000e+00
2.005000000000000000e+03 0.000000000000000000e+00
2.010000000000000000e+03 0.000000000000000000e+00
2.015000000000000000e+03 0.000000000000000000e+00
2.020000000000000000e+03 0.000000000000000000e+00
2.025000000000000000e+03 0.000000000000000000e+00
2.030000000000000000e+03 0.000000000000000000e+00
2.035000000000000000e+03 0.000000000000000000e+00
2.040000000000000000e+03 0.000000000000000000e+00
2.045000000000000000e+03 0.000000000000000000e+00
2.050000000000000000e+03 0.000000000000000000e+00
2.055000000000000000e+03 0.000000000000000000e+00
2.060000000000000000e+03 0.000000000000000000e+00
2.065000000000000000e+03 0.000000000000000000e+00
2.070000000000000000e+03 0.000000000000000000e+00
2.075000000000000000e+03 0.000000000000000000e+00
2.080000000000000000e+03 0.000000000000000000e+00
2.085000000000000000e+03 0.000000000000000000e+00
2.090000000000000000e+03 0.000000000000000000e+00
2.095000000000000000e+03 0.000000000000000000e+00
2.100000000000000000e+03 0.000000000000000000e+00
2.105000000000000000e+03 0.000000000000000000e+00
2.110000000000000000e+03 0.000000000000000000e+00
2.115000000000000000e+03 0.000000000000000000e+00
2.120000000000000000e+03 0.000000000000000000e+00
2.125000000000000000e+03 0.000000000000000000e+00
2.130000000000000000e+03 0.000000000000000000e+00
2.135000000000000000e+03 0.000000000000000000e+00
2.140000000000000000e+03 0.000000000000000000e+00
2.145000000000000000e+03 0.000000000000000000e+00
2.150000000000000000e+03 0.000000000000000000e+00
2.155000000000000000e+03 0.000000000000000000e+00
2.160000000000000000e+03 0.000000000000000000e+00
2.165000000000000000e+03 0.000000000000000000e+00
2.170000000000000000e+03 0.000000000000000000e+00
2.175000000000000000e+03 0.000000000000000000e+00
2.180000000000000000e+03 0.000000000000000000e+00
2.185000000000000000e+03 0.000000000000000000e+00
2.190000000000000000e+03 0.000000000000000000e+00
2.195000000000000000e+03 0.000000000000000000e+00
2.200000000000000000e+03 0.000000000000000000e+00
2.205000000000000000e+03 0.000000000000000000e+00
2.210000000000000000e+03 0.000000000000000000e+00
2.215000000000000000e+03 0.000000000000000000e+00
2.220000000000000000e+03 0.000000000000000000e+00
2.225000000000000000e+03 0.000000000000000000e+00
2.230000000000000000e+03 0.000000000000000000e+00
2.235000000000000000e+03 0.000000000000000000e+00
2.240000000000000000e+03 0.000000000000000000e+00
2.245000000000000000e+03 0.000000000000000000e+00
2.250000000000000000e+03 0.000000000000000000e+00
2.255000000000000000e+03 0.000000000000000000e+00
2.260000000000000000e+03 0.000000000000000000e+00
2.265000000000000000e+03 0.000000000000000000e+00
2.270000000000000000e+03 0.000000000000000000e+00
2.275000000000000000e+03 0.000000000000000000e+00
2.280000000000000000e+03 0.000000000000000000e+00
2.285000000000000000e+03 0.000000000000000000e+00
2.290000000000000000e+03 0.000000000000000000e+00
2.295000000000000000e+03 0.000000000000000000e+00
2.300000000000000000e+03 0.000000000000000000e+00
2.305000000000000000e+03 0.000000000000000000e+00
2.310000000000000000e+03 0.000000000000000000e+00
2.315000000000000000e+03 0.000000000000000000e+00
2.320000000000000000e+03 0.000000000000000000e+00
2.325000000000000000e+03 0.000000000000000000e+00
2.330000000000000000e+03 0.000000000000000000e+00
2.335000000000000000e+03 0.000000000000000000e+00
2.340000000000000000e+03 0.000000000000000000e+00
2.345000000000000000e+03 0.000000000000000000e+00
2.350000000000000000e+03 0.000000000000000000e+00
2.355000000000000000e+03 0.000000000000000000e+00
2.360000000000000000e+03 0.000000000000000000e+00
2.365000000000000000e+03 0.000000000000000000e+00
2.370000000000000000e+03 0.000000000000000000e+00
2.375000000000000000e+03 0.000000000000000000e+00
2.380000000000000000e+03 0.000000000000000000e+00
2.385000000000000000e+03 0.000000000000000000e+00
2.390000000000000000e+03 0.000000000000000000e+00
2.395000000000000000e+03 0.000000000000000000e+00
2.400000000000000000e+03 0.000000000000000000e+00
2.405000000000000000e+03 0.000000000000000000e+00
2.410000000000000000e+03 0.000000000000000000e+00
2.415000000000000000e+03 0.000000000000000000e+00
2.420000000000000000e+03 0.000000000000000000e+00
2.425000000000000000e+03 0.000000000000000000e+00
2.430000000000000000e+03 0.000000000000000000e+00
2.435000000000000000e+03 0.000000000000000000e+00
2.440000000000000000e+03 0.000000000000000000e+00
2.445000000000000000e+03 0.000000000000000000e+00
2.450000000000000000e+03 0.000000000000000000e+00
2.455000000000000000e+03 0.000000000000000000e+00
2.460000000000000000e+03 0.000000000000000000e+00
2.465000000000000000e+03 0.000000000000000000e+00
2.470000000000000000e+03 0.000000000000000000e+00
2.475000000000000000e+03 0.000000000000000000e+00
2.480000000000000000e+03 0.000000000000000000e+00
2.485000000000000000e+03 0.000000000000000000e+00
2.490000000000000000e+03 0.000000000000000000e+00
2.495000000000000000e+03 0.000000000000000000e+00
2.500000000000000000e+03 0.000000000000000000e+00
