#Wavelength,Intensity
#nm,
341.69,1518.82656666667
341.91,1518.82656666667
342.13,1583.52171666666
342.35,1735.02543809524
342.56,1748.84885555556
342.78,1753.0736060606
343,1803.11558636364
343.22,1789.41297878788
343.44,1789.16943939394
343.66,1795.20367575757
343.88,1817.49690454546
344.1,1713.22197272727
344.32,1800.18580909091
344.54,1795.34458636364
344.76,1869.37848787879
344.98,1878.05879264069
345.19,1810.47564444445
345.41,1831.07004242424
345.63,1841.00484242424
345.85,1915.5797939394
346.07,1889.88461666667
346.29,1869.0346439394
346.51,1931.37186818182
346.73,1953.62340454546
346.95,1889.92177727273
347.17,1820.03771904762
347.38,1849.91899444444
347.6,1854.44741212121
347.82,1864.15787878788
348.04,1889.15876666667
348.26,1865.17500909091
348.48,1882.83981060606
348.7,1843.44012272727
348.92,1871.82533787879
349.14,1878.76064632035
349.35,1819.8575
349.57,1844.01704545454
349.79,1888.22992575758
350.01,1899.93482878788
350.23,1874.33633484849
350.45,1847.32326363637
350.67,1859.1521530303
350.89,1835.50262337663
351.1,1855.62632777778
351.32,1906.1184939394
351.54,1897.53186969697
351.76,1853.62690909091
351.98,1871.84775909091
352.2,1830.51997424242
352.42,1876.80231601732
352.63,1921.30506666666
352.85,1965.6799030303
353.07,1862.13251666667
353.29,1850.57521212121
353.51,1923.64104393939
353.73,1925.54959848485
353.95,1907.81486666667
354.16,1922.00383888889
354.38,1953.14516060606
354.6,1929.81665454545
354.82,1882.68577727273
355.04,1862.28213333333
355.26,1846.66963549784
355.47,1891.13019444444
355.69,1929.30241212121
355.91,1900.56817272727
356.13,1896.79058636364
356.35,1879.81328787879
356.57,1945.74299848485
356.79,1885.81972207792
357,1870.75145555555
357.22,1801.89517272727
357.44,1867.89231515152
357.66,1894.46926212121
357.88,1919.85286493507
358.09,1890.38535555556
358.31,1823.02596060606
358.53,1883.28228484848
358.75,1890.42466818182
358.97,1862.55793787879
359.19,1889.32975367966
359.4,1882.69963888889
359.62,1929.87863484849
359.84,1902.35523030303
360.06,1919.37963939394
360.28,1910.14946969697
360.49,1847.93353333333
360.71,1860.19326060606
360.93,1862.94865909091
361.15,1927.27553333333
361.37,1973.14157272727
361.58,1940.90933333333
361.8,1900.6990060606
362.02,1848.22125151515
362.24,1850.90230454545
362.46,1819.47422857142
362.67,1856.38410555556
362.89,1932.40393333334
363.11,1851.23716363636
363.33,1875.09713030303
363.55,1819.5720038961
363.76,1829.76967777777
363.98,1885.61851363636
364.2,1848.83148636364
364.42,1904.1399969697
364.64,1914.54382813853
364.85,1876.26566111111
365.07,1944.72035606061
365.29,1924.26085909091
365.51,1882.05702987013
365.72,1884.57781111111
365.94,1897.2965469697
366.16,1924.58187575758
366.38,1932.67775606061
366.6,1872.21615887446
366.81,1807.92451111111
367.03,1815.61382424242
367.25,1794.35481666666
367.47,1805.2117021645
367.68,1813.2707
367.9,1869.7933530303
368.12,1882.75656363636
368.34,1892.35456406927
368.55,1839.34881666666
368.77,1845.71406363636
368.99,1826.10574696969
369.21,1836.45494242424
369.42,1861.6457
369.64,1859.4586530303
369.86,1889.52043030303
370.08,1874.99591731601
370.29,1904.16875
370.51,1827.32427727273
370.73,1892.65201969697
370.95,1960.77182294372
371.16,1948.8907
371.38,1887.39929090909
371.6,1846.64156363637
371.82,1933.09436536797
372.03,1875.02055555556
372.25,1804.32061818182
372.47,1848.05947424242
372.69,1924.03765281385
372.9,1918.53198888889
373.12,1881.51435
373.34,1853.12304069264
373.55,1942.48862222223
373.77,1927.05273333334
373.99,1868.16840454545
374.21,1943.98791298701
374.42,1907.67994444444
374.64,1875.76770757576
374.86,1912.02737965368
375.07,1883.64765555556
375.29,1870.39584545455
375.51,1855.12284090909
375.73,1833.80177186147
375.94,1881.76121111111
376.16,1870.59111515151
376.38,1868.5570030303
376.59,1907.49830555555
376.81,1899.56655454545
377.03,1876.94172878788
377.25,1848.01484329004
377.46,1864.87589444444
377.68,1913.27056666667
377.9,1928.01834588745
378.11,1925.94731666667
378.33,1871.43042272727
378.55,1847.05267099567
378.76,1858.24652222222
378.98,1938.66847727273
379.2,1950.3124017316
379.41,1867.16718888889
379.63,1784.4337
379.85,1794.47368030303
380.07,1846.41056580087
380.28,1842.59555555555
380.5,1903.94647272727
380.72,1893.37494025974
380.93,1885.68157777778
381.15,1893.83313787879
381.37,1840.94492077922
381.58,1839.13421666667
381.8,1914.50588181818
382.02,1882.20598398269
382.23,1814.93117222222
382.45,1894.58323787879
382.67,1863.51092943723
382.88,1877.40801111111
383.1,1920.9462060606
383.32,1826.40953160173
383.53,1851.08085
383.75,1919.81987272727
383.97,1907.39435974027
384.18,1871.67580555556
384.4,1855.5820530303
384.62,1876.69105627706
384.83,1906.68833888889
385.05,1924.90816363636
385.26,1898.29245
385.48,1858.96654242424
385.7,1971.40920735931
385.91,1896.95417222223
386.13,1856.56588181818
386.35,1899.07157099567
386.56,1884.89753888889
386.78,1908.84661212121
387,1910.71704502164
387.21,1898.73118888888
387.43,1969.08434588745
387.64,1846.79929444445
387.86,1844.5554439394
388.08,1918.92329437229
388.29,1899.40537777778
388.51,1823.85939545454
388.73,1913.8882961039
388.94,1883.31991111111
389.16,1869.71167056277
389.37,1862.59286111111
389.59,1902.2126
389.81,1882.83443982684
390.02,1879.59273333333
390.24,1848.5313530303
390.46,1812.70573593073
390.67,1910.12708333334
390.89,1907.76416580087
391.1,1882.77861666667
391.32,1890.39682878788
391.54,1837.19894025974
391.75,1834.52855
391.97,1884.07495021645
392.18,1889.94746111111
392.4,1929.47485757576
392.62,1937.60240995671
392.83,1872.39012222222
393.05,1890.46272640693
393.26,1892.98061666667
393.48,1831.9347
393.7,1873.62778311688
393.91,1898.60375
394.13,1881.48449220779
394.34,1875.43984444445
394.56,1860.48042878788
394.78,1846.53802900433
394.99,1909.50907222222
395.21,1861.28226883117
395.42,1859.00890555556
395.64,1944.44555324675
395.85,1888.9685
396.07,1932.06772575758
396.29,1920.78581428571
396.5,1901.869
396.72,1885.35769047619
396.93,1840.44778888889
397.15,1866.55744935065
397.36,1915.28838888889
397.58,1860.12627272727
397.8,1826.68248874459
398.01,1836.18407222222
398.23,1870.33977619048
398.44,1882.15363888889
398.66,1880.5185038961
398.87,1879.75809444444
399.09,1861.06621818182
399.31,1865.98803506494
399.52,1848.0163
399.74,1900.58092251082
399.95,1876.18204444445
400.17,1843.23237705628
400.38,1902.37695
400.6,1847.2600982684
400.81,1868.40005
401.03,1809.81075411256
401.24,1866.66032222223
401.46,1912.52310151515
401.68,1852.79285844156
401.89,1906.7001
402.11,1856.03612121212
402.32,1855.78221111111
402.54,1902.43548354979
402.75,1899.01656111111
402.97,1920.05576450216
403.18,1889.52844444444
403.4,1887.77349393939
403.61,1882.55535555555
403.83,1872.61527662338
404.04,1843.82583333333
404.26,1862.60598874459
404.47,1888.54514444444
404.69,1883.8203965368
404.9,1892.22733888889
405.12,1902.61438528139
405.33,1893.18996111111
405.55,1836.2720034632
405.76,1858.52089444445
405.98,1866.23554242424
406.2,1885.17357619048
406.41,1862.37244444444
406.63,1901.0282978355
406.84,1884.81093333334
407.06,1899.54755974026
407.27,1878.53897777778
407.49,1879.29158008658
407.7,1881.18314444444
407.92,1890.19668658009
408.13,1891.38485
408.35,1928.10080865801
408.56,1916.35207777778
408.78,1892.56519090909
408.99,1956.87562698413
409.2,1863.81266111112
409.42,1824.92411774892
409.63,1946.98962222222
409.85,1917.81322813853
410.06,1877.93155555555
410.28,1834.85997965368
410.49,1916.91461666667
410.71,1910.97038484849
410.92,1871.58482777778
411.14,1883.18605714286
411.35,1890.75611666667
411.57,1883.01562164502
411.78,1807.02033333333
412,1890.41368095238
412.21,1864.69273333334
412.43,1877.06166103896
412.64,1873.37920555555
412.86,1870.28651255411
413.07,1868.65757777778
413.29,1878.94321818182
413.5,1812.56482539683
413.71,1833.26095
413.93,1887.99981688312
414.14,1936.54443888889
414.36,1882.00979393939
414.57,1873.86528888889
414.79,1905.26641341992
415,1911.18182222222
415.22,1864.53695974026
415.43,1876.81117460317
415.64,1836.00821111111
415.86,1872.15112640693
416.07,1850.44997777778
416.29,1834.4375987013
416.5,1879.99492777778
416.72,1900.19364502165
416.93,1880.62554444444
417.15,1933.82663982684
417.36,1867.14272698412
417.57,1848.76507222222
417.79,1912.18666580087
418,1846.47748888889
418.22,1856.64628701298
418.43,1901.42652777778
418.65,1804.39253290043
418.86,1826.70459206349
419.07,1816.39855
419.29,1804.11181904762
419.5,1832.8961
419.72,1862.6662038961
419.93,1863.7239
420.15,1874.39741645021
420.36,1894.51745873016
420.57,1904.96448333333
420.79,1845.9219034632
421,1857.63022777778
421.22,1850.21316839826
421.43,1871.75403492064
421.64,1902.09959444444
421.86,1899.51167748918
422.07,1857.67604444445
422.29,1841.23134329004
422.5,1865.21266666667
422.71,1906.25379444444
422.93,1933.84856493507
423.14,1917.48720555556
423.36,1854.93927489177
423.57,1879.36106666667
423.78,1938.54578888889
424,1953.72412597403
424.21,1907.94445
424.43,1846.4702961039
424.64,1873.1150015873
424.85,1889.7906
425.07,1925.7467008658
425.28,1902.98533174603
425.49,1920.14916666667
425.71,1923.97741948052
425.92,1874.58008333333
426.14,1919.45364502164
426.35,1916.18973968254
426.56,1930.38539444444
426.78,1920.90898225108
426.99,1959.15230952381
427.2,1925.0825888889
427.42,1828.15995411255
427.63,1890.13026666667
427.85,1866.77287835498
428.06,1801.71040634921
428.27,1812.01147777778
428.49,1884.62107445888
428.7,1800.00508095238
428.91,1852.68815
429.13,1874.11308051948
429.34,1830.3807
429.55,1860.53880555556
429.77,1822.89189307358
429.98,1868.22244444445
430.19,1857.10318888889
430.41,1914.29039350649
430.62,1889.36673809523
430.83,1846.40043333333
431.05,1847.01951038961
431.26,1822.08858571429
431.47,1838.98736111111
431.69,1872.96162554113
431.9,1906.97803015873
432.11,1889.255
432.33,1869.38035324676
432.54,1857.27051269841
432.75,1905.13783333334
432.97,1961.31183116884
433.18,1864.30572063492
433.39,1850.46728333333
433.61,1911.29658528139
433.82,1882.10271428571
434.03,1882.82588333333
434.25,1924.93672207793
434.46,1871.87425555556
434.67,1868.31445555556
434.89,1902.72140865801
435.1,1881.19318888889
435.31,1945.95643333333
435.53,1962.002504329
435.74,1944.8988968254
435.95,1900.71342222222
436.17,1869.66935108225
436.38,1903.48798253968
436.59,1884.56026984127
436.8,1874.44563888889
437.02,1889.66772987013
437.23,1855.59518888889
437.44,1859.88879444445
437.66,1901.73615714286
437.87,1907.03031428571
438.08,1951.39013333334
438.3,1915.33109090909
438.51,1953.6246015873
438.72,1981.4870888889
438.93,1910.60175555555
439.15,1925.52498398268
439.36,1923.92560793651
439.57,1906.25422222222
439.79,1875.0669012987
440,1844.74896666667
440.21,1841.22246984127
440.42,1859.97961111111
440.64,1894.45461125542
440.85,1894.48862539682
441.06,1880.51189365079
441.27,1853.01657777778
441.49,1845.98874502164
441.7,1881.92381746032
441.91,1901.45196111111
442.13,1868.60639610389
442.34,1817.20032539682
442.55,1855.58012063492
442.76,1838.89130555555
442.98,1899.51418701299
443.19,1907.45508412698
443.4,1927.91958730159
443.61,1891.34434444444
443.83,1947.18785757576
444.04,1870.23662857142
444.25,1857.44434920635
444.46,1849.98342222222
444.68,1858.35718571429
444.89,1941.8477984127
445.1,1987.0685984127
445.31,1957.17571111111
445.53,1928.33694935065
445.74,1909.54138888889
445.95,1922.02638571428
446.16,1812.69502222222
446.38,1858.20207099567
446.59,1965.01128730159
446.8,1884.0079
447.01,1938.06610476191
447.22,1948.74803333333
447.44,1941.22436320346
447.65,1901.86182857143
447.86,1918.27268095238
448.07,1934.27715555555
448.29,1901.05307272727
448.5,1947.55038095238
448.71,1943.04166507937
448.92,1947.98286666667
449.14,1934.44896709957
449.35,1934.53886984127
449.56,1900.04508095238
449.77,1842.54834603175
449.98,1816.91088333334
450.2,1848.26083549784
450.41,1890.27241269841
450.62,1884.44368571428
450.83,1851.72702857143
451.04,1867.71542222223
451.26,1858.24046536796
451.47,1842.47175238095
451.68,1901.92756507937
451.89,1917.99236349207
452.1,1888.97885555556
452.32,1888.35268571429
452.53,1906.52077936508
452.74,1849.27792539683
452.95,1856.07308095238
453.16,1874.25996111111
453.38,1911.59106450216
453.59,1931.66685873016
453.8,1916.1579031746
454.01,1845.18411746032
454.22,1830.72285238096
454.43,1850.1285
454.65,1888.18935757576
454.86,1885.99263650793
455.07,1879.33788888889
455.28,1834.6971
455.49,1893.57578888889
455.71,1949.90996883117
455.92,1899.09301746032
456.13,1879.17005238095
456.34,1892.8313984127
456.55,1864.97961904762
456.76,1881.39137777778
456.98,1865.20317186147
457.19,1889.97355238095
457.4,1932.49923015874
457.61,1869.56597142857
457.82,1885.59681111111
458.03,1875.69746984127
458.24,1885.22329444444
458.46,1894.25173463203
458.67,1914.4001952381
458.88,1912.35326190476
459.09,1880.76770634921
459.3,1855.77005555556
459.51,1893.48355555556
459.73,1927.69287012987
459.94,1975.30068888889
460.15,1924.49760158731
460.36,1931.64430476191
460.57,1888.32568412699
460.78,1977.55824285716
460.99,1854.64892222222
461.2,1845.43706111111
461.42,1819.20596277056
461.63,1882.4867
461.84,1901.99017301588
462.05,1879.41714603174
462.26,1944.305
462.47,1956.6886984127
462.68,1944.04256111111
462.9,1893.33395887445
463.11,1942.80584285714
463.32,1868.39025555556
463.53,1855.80203174603
463.74,1838.71985873016
463.95,1948.81032063492
464.16,1984.12836507936
464.37,1957.48533174603
464.58,1866.20428888889
464.8,1944.78457359308
465.01,1946.38453492063
465.22,1948.73782380953
465.43,1888.63074920635
465.64,1976.24240793651
465.85,1983.27977936508
466.06,1934.73890634921
466.27,1872.80102222222
466.48,1835.55528412698
466.69,1882.66765
466.91,1983.80715151515
467.12,1909.52204285714
467.33,1879.79868888889
467.54,1893.79955714286
467.75,1888.94703174603
467.96,1935.02436190477
468.17,1888.12217777778
468.38,1901.93489206349
468.59,1928.57064603175
468.8,1878.77736190476
469.01,1900.18123968254
469.22,1877.15821666667
469.44,1856.76864112554
469.65,1900.5535968254
469.86,1879.39425714286
470.07,1917.30558888889
470.28,1905.70431746031
470.49,1937.83333650794
470.7,1926.33233333333
470.91,1951.00795079365
471.12,1925.40136825397
471.33,1914.73457936508
471.54,1883.40301111111
471.75,1883.97938888889
471.96,1869.3035015873
472.17,1869.89071587302
472.38,1844.19869444444
472.6,1884.02404199134
472.81,1841.85038412698
473.02,1874.67489047619
473.23,1874.57026031746
473.44,1882.71975873016
473.65,1948.26528095238
473.86,1938.49746984127
474.07,1888.26594920635
474.28,1874.3817047619
474.49,1930.80536031746
474.7,1900.45048095238
474.91,1952.65998253968
475.12,1894.23388412698
475.33,1849.73090634921
475.54,1867.98283492064
475.75,1856.63276666667
475.96,1838.55833333333
476.17,1867.26901111111
476.38,1836.37084444444
476.59,1865.56624444444
476.8,1909.29907460318
477.01,1924.85268571429
477.22,1946.12805873016
477.43,1946.43025238095
477.64,1902.69564603175
477.85,1885.26808412698
478.06,1915.2054047619
478.27,1900.21628095238
478.48,1880.22808095238
478.69,1853.34012380952
478.9,1880.50647936507
479.11,1942.69245873016
479.32,1940.84315238095
479.53,1852.53208333333
479.75,1926.01638181819
479.96,1889.37618571429
480.17,1885.0418968254
480.38,1884.17226190476
480.59,1844.99887936508
480.8,1872.21420722223
481,1884.12498571429
481.21,1838.22113968254
481.42,1893.81420634921
481.63,1941.89903174603
481.84,1938.4305984127
482.05,1945.76784603175
482.26,1908.43751111111
482.47,1885.58346349206
482.68,1884.57354444444
482.89,1886.95967460317
483.1,1830.28471904762
483.31,1891.22047460317
483.52,1881.93012857143
483.73,1887.65451904762
483.94,1968.24482380952
484.15,1844.37464761905
484.36,1845.61128253969
484.57,1872.10573968254
484.78,1851.57673333333
484.99,1852.33080793651
485.2,1880.72497301587
485.41,1881.4082
485.62,1960.60124920635
485.83,1925.3417984127
486.04,1907.02562063492
486.25,1875.40878095238
486.46,1832.12737142856
486.67,1889.39446190476
486.88,1900.03532063492
487.09,1927.09588571429
487.3,1875.3568031746
487.51,1866.05735079365
487.72,1961.57464285715
487.93,1861.14361499999
488.13,1886.42468571429
488.34,1866.32885714286
488.55,1916.42184761905
488.76,1895.88283333333
488.97,1878.06403968254
489.18,1825.64532063492
489.39,1838.91272222222
489.6,1851.80956666667
489.81,1856.92487619048
490.02,1895.62292698412
490.23,1996.00565555556
490.44,1958.58226666666
490.65,1865.53747936507
490.86,1900.29549365079
491.07,1877.74096444444
491.27,1893.59831904762
491.48,1847.03298095238
491.69,1807.48623492063
491.9,1887.26304603174
492.11,1908.46335238096
492.32,1860.11663015873
492.53,1883.77884603175
492.74,1885.77551746032
492.95,1807.68323809524
493.16,1890.90502222222
493.37,1909.08517388889
493.57,1912.85262380952
493.78,1912.56132063491
493.99,1913.86986666667
494.2,1904.21583650794
494.41,1902.53322698413
494.62,1886.75685714286
494.83,1923.01295079366
495.04,1923.01261428571
495.25,1932.59172698413
495.46,1904.97728777778
495.66,1936.89656190476
495.87,1905.06003809524
496.08,1930.57261428572
496.29,1901.52059682539
496.5,1827.18755714286
496.71,1867.5144031746
496.92,1921.05375555555
497.13,1884.07792380952
497.34,1877.26292611111
497.54,1861.13341904762
497.75,1872.73279047619
497.96,1914.78118095238
498.17,1900.41994285714
498.38,1903.26538095238
498.59,1868.78956349206
498.8,1894.7283952381
499.01,1914.29321388889
499.21,1928.8221047619
499.42,1880.77112063492
499.63,1853.45948730159
499.84,1849.69878253969
500.05,1899.14477619048
500.26,1891.84142857143
500.47,1857.58174388889
500.67,1868.31771904762
500.88,1883.84829365079
501.09,1863.06493015873
501.3,1882.73776825397
501.51,1875.04246666666
501.72,1823.67274944443
501.92,1956.69745714286
502.13,1956.8634
502.34,1887.93751746032
502.55,1856.06608412698
502.76,1868.0268952381
502.97,1952.2613952381
503.18,1858.36252777777
503.38,1872.35568571429
503.59,1917.23101269842
503.8,1879.69143015873
504.01,1934.89385555555
504.22,1868.23971746032
504.43,1864.34183611111
504.63,1872.42445238095
504.84,1909.83886984127
505.05,1935.28144920635
505.26,1878.41945238095
505.47,1951.29328166666
505.67,1942.11857619048
505.88,1977.39952857143
506.09,1925.78717460318
506.3,1837.24667777778
506.51,1873.96674444444
506.72,1916.10973055555
506.92,1893.89134761905
507.13,1930.38470793651
507.34,1911.62350317461
507.55,1909.41106666667
507.76,1901.64527055556
507.96,1869.93042380952
508.17,1867.21388730159
508.38,1909.33368412699
508.59,1920.02287301587
508.8,1954.020635
509,1967.90133333333
509.21,1907.69531746032
509.42,1870.89998571429
509.63,1908.44463650794
509.84,1920.61244388889
510.04,1897.78520952381
510.25,1839.12133809524
510.46,1850.61998888889
510.67,1873.41953444444
510.87,1897.91859047618
511.08,1996.07164761905
511.29,1968.86263333333
511.5,1923.49062539682
511.71,1898.81407388889
511.91,1903.60577142857
512.12,1869.3166015873
512.33,1892.48233650793
512.54,1889.19419611112
512.74,1922.20333809523
512.95,1908.23755873016
513.16,1886.34580000001
513.37,1895.21029833333
513.57,1932.98001428571
513.78,1935.00786825399
513.99,1936.58600158729
514.2,1958.02488722222
514.4,1947.99177619049
514.61,1878.75606507937
514.82,1891.83897936508
515.03,1878.78006507937
515.24,1929.68506666665
515.44,1872.87984285715
515.65,1892.80926507936
515.86,1912.65165111111
516.06,1911.17641904763
516.27,1863.08261587302
516.48,1904.26123492063
516.69,1943.60346055554
516.89,1987.71283333333
517.1,1960.88955079365
517.31,1892.09222380953
517.52,1933.56826166666
517.72,1937.16645714285
517.93,1945.91523650793
518.14,1968.99765238095
518.35,1959.45404777779
518.55,1978.31299047619
518.76,1933.66036984127
518.97,1937.23183722223
519.17,1975.74295238096
519.38,1972.98149682539
519.59,1978.7728190476
519.8,1898.9274588889
520,1966.00948095237
520.21,1951.75793333335
520.42,1935.24855777778
520.62,1955.66040952381
520.83,1977.43864603175
521.04,2039.50099841269
521.25,1999.53506444444
521.45,1999.01569999999
521.66,2013.86312063493
521.87,1957.9519788889
522.07,2004.39629047619
522.28,2016.83591746032
522.49,1988.70287111112
522.69,1943.78027142857
522.9,1998.64736031745
523.11,1983.33913968254
523.32,2040.58756722222
523.52,1974.14101904763
523.73,1913.69533650795
523.94,2009.18422722222
524.14,1982.88403809524
524.35,2029.34126031747
524.56,2070.0501661111
524.76,2070.98353809524
524.97,2041.84934761905
525.18,1993.22499333334
525.38,2003.55420952381
525.59,2051.64156190477
525.8,2094.72363888889
526,2044.92807142857
526.21,2000.80963650794
526.42,2045.03668555555
526.62,2097.73808571428
526.83,2063.15634285713
527.04,2043.39939388889
527.24,2096.96115714285
527.45,2111.99404761904
527.66,2065.89018444446
527.86,2077.52848095238
528.07,2071.49660634922
528.28,2135.81735555555
528.48,2102.47959047617
528.69,2085.24817936508
528.9,2150.31818388889
529.1,2091.04515714286
529.31,2080.67337936507
529.52,2196.60761333332
529.72,2219.99622857143
529.93,2207.39155555555
530.14,2113.83051555557
530.34,2077.25946190478
530.55,2121.83355833332
530.75,2153.52052380952
530.96,2140.1760936508
531.17,2133.85835722222
531.37,2172.23665714286
531.58,2087.22586507937
531.79,2098.18418944446
531.99,2166.83962857141
532.2,2158.99417555555
532.4,2174.30691904762
532.61,2190.50603015873
532.82,2193.15255444443
533.02,2137.23645238097
533.23,2136.98587301588
533.44,2209.00910111109
533.64,2226.15953333334
533.85,2157.54891166667
534.05,2211.73333333332
534.26,2257.17965238095
534.47,2173.08003277779
534.67,2198.12253809523
534.88,2217.35126666666
535.08,2189.70163333333
535.29,2216.16045079365
535.5,2205.14129499999
535.7,2280.86604285713
535.91,2250.1840288889
536.11,2251.61760952381
536.32,2218.22353174604
536.53,2197.43108
536.73,2222.79600952381
536.94,2161.22423944446
537.14,2154.85898095238
537.35,2156.3136126984
537.56,2190.77919999999
537.76,2183.62750476191
537.97,2206.1809988889
538.17,2312.88823333331
538.38,2304.23106984127
538.59,2318.15874166667
538.79,2267.56460476191
539,2266.56228777777
539.2,2250.95061904762
539.41,2219.44915055557
539.61,2224.1518095238
539.82,2208.60933174604
540.03,2236.44602722221
540.23,2248.31014761904
540.44,2194.97738500001
540.64,2187.37280952381
540.85,2212.37905944445
541.05,2235.3913047619
541.26,2237.15166833333
541.46,2297.82453333333
541.67,2291.19303015874
541.88,2254.19774722222
542.08,2266.93779523809
542.29,2255.44980388892
542.49,2165.13207142857
542.7,2251.91533777777
542.9,2269.15363333334
543.11,2291.43673555556
543.31,2326.89110952382
543.52,2273.88164722222
543.72,2273.74302380951
543.93,2254.73432222223
544.14,2263.99810055555
544.34,2259.92406190476
544.55,2289.71708944444
544.75,2322.24407619047
544.96,2306.09160222223
545.16,2335.65053809523
545.37,2273.61305666667
545.57,2271.68631904761
545.78,2284.79543222222
545.98,2289.73786666666
546.19,2308.33133666667
546.39,2280.27817142858
546.6,2285.70575000001
546.8,2331.46271904761
547.01,2344.90473444444
547.21,2358.19147619045
547.42,2283.35154722222
547.62,2319.84468571429
547.83,2246.47655055555
548.03,2237.09082380953
548.24,2366.85322555555
548.44,2349.05688571429
548.65,2338.03119777777
548.85,2252.82315714285
549.06,2265.01574499999
549.26,2315.43027619047
549.47,2362.97517055554
549.67,2294.1726
549.88,2323.06033611111
550.08,2292.7671
550.29,2249.35468777776
550.49,2304.43688095238
550.7,2344.78781722223
550.9,2367.36501904761
551.11,2346.2315611111
551.31,2312.39280476191
551.52,2309.93045777778
551.72,2300.48918571428
551.93,2269.26493388889
552.13,2290.34965714286
552.34,2261.20301277779
552.54,2339.14069523808
552.75,2352.71938222222
552.95,2305.74306666666
553.16,2261.73100388888
553.36,2296.99683809524
553.57,2334.72221
553.77,2339.17517619047
553.98,2345.96099611112
554.18,2311.24809833333
554.38,2309.43013333334
554.59,2291.5936788889
554.79,2347.78523809522
555,2301.22613611112
555.2,2317.43756666666
555.41,2315.34133555555
555.61,2335.27428095238
555.82,2393.94728833332
556.02,2327.01882380955
556.23,2329.11501277777
556.43,2338.20655666667
556.63,2323.89186666666
556.84,2253.41465555555
557.04,2272.57041904762
557.25,2284.1333511111
557.45,2285.28673809523
557.66,2215.72427055556
557.86,2310.01459523809
558.07,2231.61856166666
558.27,2216.85735833333
558.47,2267.02533333334
558.68,2276.60577555556
558.88,2249.69852857143
559.09,2212.57421444445
559.29,2248.29989523809
559.5,2240.92465111112
559.7,2186.85164333334
559.9,2232.5433095238
560.11,2205.03436611112
560.31,2273.80379523807
560.52,2240.60331333334
560.72,2270.87933166667
560.92,2283.84381904761
561.13,2225.11371777779
561.33,2168.53297142858
561.54,2179.74962444445
561.74,2198.31764
561.94,2207.97777142857
562.15,2228.02711944444
562.35,2239.75062380952
562.56,2268.19388222222
562.76,2191.63106833334
562.96,2211.13765714286
563.17,2244.607935
563.37,2183.05056666667
563.58,2202.94979666667
563.78,2228.30971166666
563.98,2214.5823952381
564.19,2206.53475333335
564.39,2212.73018095238
564.6,2242.52853777777
564.8,2232.42502333333
565,2247.04772380952
565.21,2221.16117999999
565.41,2228.895495
565.61,2155.06463809524
565.82,2199.72833777778
566.02,2125.98141428573
566.23,2138.80645833333
566.43,2118.77058666667
566.63,2175.11225238094
566.84,2221.52029555555
567.04,2151.69588833334
567.24,2131.03966190476
567.45,2139.07009333333
567.65,2177.72938571428
567.86,2191.34809
568.06,2106.82980333335
568.26,2114.65565238095
568.47,2136.95618277778
568.67,2099.76268166669
568.87,2083.56503333332
569.08,2103.21022333333
569.28,2100.78308000001
569.48,2111.67166666666
569.69,2121.17139166666
569.89,2096.32911000001
570.09,2096.76531904763
570.3,2129.1102161111
570.5,2150.25780333334
570.7,2111.7359904762
570.91,2102.05760611111
571.11,2081.83031166667
571.31,2062.60943809524
571.52,2075.47322277778
571.72,2120.65459166666
571.92,2178.53809523809
572.13,2103.98573055557
572.33,2062.71106333334
572.53,2059.48562857144
572.74,2078.61770444445
572.94,1998.47442333335
573.14,2011.7242095238
573.35,2030.53648555556
573.55,2050.81166499999
573.75,2059.89047619047
573.96,2059.2969638889
574.16,2061.813495
574.36,1997.31874285715
574.57,1974.80594722223
574.77,2041.74528833332
574.97,2081.91810833331
575.17,2037.02000476191
575.38,2115.35342
575.58,2069.47046333333
575.78,2074.65455714286
575.99,2020.72120833334
576.19,2051.02626999999
576.39,2078.99147142857
576.6,2032.98237833333
576.8,2067.33189333332
577,2053.154625
577.2,2007.30565714287
577.41,2037.79911388889
577.61,2008.12273500001
577.81,2017.70972380953
578.02,2015.56276222222
578.22,2028.46189833334
578.42,1995.22607000001
578.62,2000.74709523809
578.83,2027.15836222223
579.03,2079.23854999999
579.23,1972.20528333334
579.43,2005.40129523808
579.64,1987.73647
579.84,2018.13889
580.04,1986.20787619048
580.25,1973.75135277778
580.45,2001.87378333332
580.65,1980.77265833333
580.85,2039.94758095238
581.06,2005.87434777779
581.26,1999.25284999999
581.46,2013.84462666668
581.66,1983.5739
581.87,1934.47833166668
582.07,1958.73595333335
582.27,2069.24871333332
582.47,2010.49149523809
582.68,1984.8999288889
582.88,1987.94111333333
583.08,2011.01216999999
583.28,1994.80682857142
583.49,2032.28623055556
583.69,1963.53576666668
583.89,1989.989695
584.09,1978.7808
584.3,2037.70652888888
584.5,1993.16761833334
584.7,1993.30527833333
584.9,2004.30101666667
585.1,2004.55068571428
585.31,2034.45295055555
585.51,1984.18657333334
585.71,1970.76928
585.91,1988.07149047619
586.12,2003.53245888889
586.32,1934.04970833334
586.52,1946.75191666667
586.72,1914.29300500001
586.92,1952.91073333333
587.13,1981.4790861111
587.33,2057.89781166667
587.53,2045.48337166668
587.73,2022.10613833332
587.93,1957.71921904763
588.14,2025.88996722222
588.34,1969.27096
588.54,1922.79677666667
588.74,1990.96256833334
588.94,2037.84825714287
589.15,1986.49630222222
589.35,1958.46753000001
589.55,1965.29511833333
589.75,1981.90639833333
589.95,2009.32229047619
590.16,1993.23530888889
590.36,1985.40903333332
590.56,1938.93011833334
590.76,1923.29516
590.96,1920.39400952381
591.17,2023.09703777777
591.37,1999.08389666667
591.57,2018.62982499999
591.77,1953.00947166668
591.97,1945.47837
592.17,1968.41218095239
592.38,1943.65792833333
592.58,1949.64576
592.78,1975.85623999999
592.98,1940.431825
593.18,1953.92124499999
593.38,1964.31388095238
593.59,1961.37515833333
593.79,1976.839415
593.99,1994.85497333333
594.19,1972.80382666668
594.39,1974.831465
594.59,1986.76484761905
594.8,1964.91513333333
595,1947.15771
595.2,2008.98889833333
595.4,1927.48162166668
595.6,1891.50548333334
595.8,2030.04732499998
596,2018.95713333334
596.21,1991.14202277776
596.41,1947.65516666667
596.61,1962.00673166666
596.81,1969.47681500001
597.01,1939.3206
597.21,1990.03196
597.41,1953.64113809524
597.62,1964.90329166667
597.82,1925.22798166668
598.02,1947.62470833333
598.22,1949.31966000001
598.42,2034.37724833332
598.62,2114.16987833333
598.82,1964.15578
599.02,1901.89227142858
599.23,1934.39376999999
599.43,1941.79227666667
599.63,1947.85663
599.83,1964.85820000002
600.03,2093.67329833331
600.23,1962.43902166668
600.43,1912.55464
600.63,1940.03301999999
600.83,1960.96223333331
601.04,1895.58539111112
601.24,1977.32550166666
601.44,1986.213155
601.64,1907.65623
601.84,1924.26848500001
602.04,1911.09499499999
602.24,1950.15004
602.44,1984.59350166666
602.64,1889.52889000001
602.84,1878.68192857144
603.05,1960.22394777776
603.25,1935.86576666667
603.45,1911.82856
603.65,1872.35189333334
603.85,1854.35709166668
604.05,1900.75718166666
604.25,1942.33737166667
604.45,1914.852955
604.65,1857.45179833335
604.85,1856.29013666669
605.05,1908.30800166667
605.25,1908.65337833332
605.45,1921.54305714286
605.66,1922.00867611112
605.86,1991.26089666665
606.06,1982.47247
606.26,1952.71765666667
606.46,1959.15761999999
606.66,1934.43680833333
606.86,1948.57759
607.06,1948.84933333332
607.26,1939.37741833334
607.46,1912.46173166668
607.66,1942.07113166666
607.86,1941.58750833333
608.06,1983.91520999999
608.26,1968.64788666667
608.46,1922.62784833334
608.66,1909.06628999999
608.86,1968.96498999999
609.06,1945.93155238096
609.27,1913.367925
609.47,1874.47172833333
609.67,1880.66125999999
609.87,1946.55966166666
610.07,1941.49618499999
610.27,1924.69963666668
610.47,1934.11711666667
610.67,1894.837425
610.87,1911.22835666666
611.07,1913.41206333334
611.27,1975.281585
611.47,1985.64524166666
611.67,1862.89405833336
611.87,1874.64326833333
612.07,1911.02617
612.27,1932.85840666666
612.47,1932.34096833334
612.67,1974.19818333333
612.87,1946.66893000001
613.07,1951.91768000002
613.27,1996.87237499999
613.47,1973.68424999999
613.67,1916.92466500002
613.87,1912.41106
614.07,1931.33080333334
614.27,1963.55204166666
614.47,1956.979735
614.67,1935.942825
614.87,1892.44327500001
615.07,1844.36028833334
615.27,1911.76761333331
615.47,1920.756745
615.67,1954.95712999999
615.87,1925.38975166668
616.07,1924.34215
616.27,1933.474115
616.47,1908.67543833333
616.67,1888.88758166668
616.87,1938.11456333332
617.07,1955.24808166667
617.27,1906.09465
617.47,1930.11545499999
617.67,1905.34168166666
617.87,1965.20711
618.07,1983.09640666666
618.27,1924.68065333335
618.47,1912.54850000001
618.67,1973.06804833332
618.87,1886.46923833335
619.07,1897.29077166668
619.27,1908.34657333334
619.47,1869.37613508773
619.66,1904.10761412279
619.86,1929.43863999999
620.06,1917.61197
620.26,1975.02827666666
620.46,1987.53656
620.66,1934.07237
620.86,1921.92815333333
621.06,1950.42824666667
621.26,1865.21171500001
621.46,1893.173345
621.66,1913.08610000001
621.86,1910.68082833335
622.06,1922.14693166666
622.26,1919.72704333333
622.46,1996.89992166667
622.66,1940.56441666668
622.86,1884.29209333333
623.06,1918.53956666666
623.25,1941.59941701754
623.45,1888.09383666668
623.65,1929.51036499998
623.85,1944.04065833334
624.05,1973.19271166667
624.25,1886.93172000001
624.45,1907.35077833333
624.65,1866.30395833334
624.85,1898.91991999999
625.05,1936.111875
625.25,1938.57188
625.45,1897.76627333334
625.65,1929.24666842106
625.84,1918.11677631581
626.04,1926.65676
626.24,1940.17806833332
626.44,1903.24908333334
626.64,1927.48164833333
626.84,1951.46136333332
627.04,1906.17908833335
627.24,1896.42830499999
627.44,1904.80830166667
627.64,1911.22342105263
627.83,1884.18046149124
628.03,1916.34858666666
628.23,1904.78228833333
628.43,1920.26521
628.63,1921.566135
628.83,1903.53860833334
629.03,1859.655135
629.23,1931.17526999998
629.43,1895.61162456142
629.62,1908.85044105263
629.82,1922.17163333332
630.02,1912.43693500001
630.22,1899.41374666667
630.42,1912.07016333333
630.62,1919.26022833334
630.82,1942.81481500001
631.02,1950.26566491228
631.21,1867.89604850878
631.41,1891.88240499999
631.61,1857.88884333334
631.81,1899.58791333333
632.01,1920.10708666666
632.21,1925.32888666666
632.41,1879.88701754388
632.6,1894.48165850877
632.8,1924.50497833334
633,1906.05528166666
633.2,1924.03368333332
633.4,1876.35441166667
633.6,1923.96487833332
633.8,1919.40867719299
633.99,1872.87128859648
634.19,1808.08080666668
634.39,1893.73027333332
634.59,1945.52194499999
634.79,1934.11712333334
634.99,1895.55542982456
635.18,1881.72705833333
635.38,1930.77403666666
635.58,1977.687985
635.78,1948.987515
635.98,1922.73808833333
636.18,1842.91006315791
636.37,1867.36130824561
636.57,1861.38988833334
636.77,1908.487615
636.97,1883.878495
637.17,1880.86441
637.37,1886.10415087719
637.56,1892.10056833333
637.76,1889.798815
637.96,1912.22781666667
638.16,1844.90487166667
638.36,1887.25872280702
638.55,1882.72650570176
638.75,1861.612545
638.95,1856.52527833333
639.15,1910.43276999998
639.35,1860.1195877193
639.54,1858.20241166667
639.74,1844.545405
639.94,1881.45669833333
640.14,1952.98282833332
640.34,1961.0495122807
640.53,1908.81958017545
640.73,1918.06065166666
640.93,1914.84489333334
641.13,1918.909835
641.33,1901.12996491228
641.52,1967.99706666665
641.72,1974.30492666664
641.92,1854.27653000002
642.12,1856.43050175438
642.31,1857.58773973684
642.51,1847.98098166667
642.71,1850.93685833333
642.91,1891.45397833332
643.11,1868.49567543859
643.3,1803.94310921053
643.5,1838.950525
643.7,1829.47233333334
643.9,1903.41332105262
644.09,1947.98292789473
644.29,1896.06923666668
644.49,1892.87094166667
644.69,1892.98532631579
644.88,1888.4808795614
645.08,1887.37609333334
645.28,1910.40340166666
645.48,1928.75506666667
645.67,1869.20019429825
645.87,1872.67252833334
646.07,1930.42314833333
646.27,1887.91560701755
646.46,1910.8834318421
646.66,1897.08750333335
646.86,1947.84488333333
647.06,1956.86486315789
647.25,1969.47698912281
647.45,1902.66812166667
647.65,1850.55230500001
647.85,1893.27555789474
648.04,1871.827985
648.24,1978.08054666666
648.44,1923.76327666667
648.64,1856.54375438597
648.83,1901.57182956141
649.03,1939.63133833333
649.23,1847.97058245615
649.42,1849.30552315789
649.62,1907.51942666667
649.82,1916.07447
650.02,1916.27188421053
650.21,1981.57581131579
650.41,1936.00728833334
650.61,1915.50668947369
650.8,1906.32164368421
651,1919.85704500001
651.2,1861.930855
651.4,1848.88154736842
651.59,1858.55072333334
651.79,1897.27444166666
651.99,1959.94772456139
652.18,1944.46355745616
652.38,1831.74625833334
652.58,1873.12366842105
652.77,1950.93388131577
652.97,1949.99086999998
653.17,1939.24297666667
653.37,1925.25666842106
653.56,1854.06105789474
653.76,1878.94256333333
653.96,1920.14324035086
654.15,1938.42405526316
654.35,1926.42109999999
654.55,1912.98492631578
654.74,1943.22047280701
654.94,1932.25293833334
655.14,1884.61241578947
655.33,1916.54772122807
655.53,1880.46923333333
655.73,1909.23011578948
655.92,1877.97171263159
656.12,1897.03291666666
656.32,1886.75434912282
656.51,1924.33951236842
656.71,1898.32957500001
656.91,1939.88340701754
657.1,1874.91567184211
657.3,1816.60483666667
657.5,1884.87764736842
657.69,1877.40230877193
657.89,1935.70159333333
658.09,1954.55538245613
658.28,1939.82716947369
658.48,1911.44700333333
658.68,1894.24895789474
658.87,1929.19907122806
659.07,1976.15623508772
659.26,1929.55447333334
659.46,1860.33609166668
659.66,1845.98157543859
659.85,1816.24509491228
660.05,1863.48737999999
660.25,1884.59445438595
660.44,1833.07432078949
660.64,1863.88482666666
660.84,1905.61079824561
661.03,1916.96897605264
661.23,1883.53520350879
661.42,1975.83171526315
661.62,1902.54517833334
661.82,1886.49058947369
662.01,1905.90113447368
662.21,1865.36012105264
662.4,1823.51965517545
662.6,1831.93132166667
662.8,1868.56766491228
662.99,1868.40232780701
663.19,1911.19611666666
663.39,1944.45274385965
663.58,1918.32456333333
663.78,1922.69837192982
663.97,1888.84933324561
664.17,1932.07252999999
664.37,1953.36845263158
664.56,1936.20788657894
664.76,1915.07562456141
664.95,1886.32780236841
665.15,1881.55575833334
665.35,1940.94800701753
665.54,1904.40347350878
665.74,1943.42905964913
665.93,1946.22113868422
666.13,1943.93723508773
666.32,1871.1208435965
666.52,1873.65489666666
666.72,1862.77196842105
666.91,1879.7641041228
667.11,1947.62567894738
667.3,1930.74815000001
667.5,1835.837915
667.7,1851.14948245614
667.89,1900.59060675437
668.09,1858.02885614037
668.28,1879.18281807017
668.48,1855.79328421053
668.67,1857.57735324561
668.87,1860.28137894736
669.06,1920.91990385965
669.26,1943.840535
669.46,1920.07329649123
669.65,1889.54472570175
669.85,1905.59786315789
670.04,1869.56285105263
670.24,1927.95404561403
670.43,1918.17724122807
670.63,1906.68442280703
670.82,1888.08751078949
671.02,1958.72610666666
671.22,1980.94953859648
671.41,1983.51502991229
671.61,1946.87783333334
671.8,1904.26071631579
672,1865.65429473684
672.19,1857.53060815791
672.39,1887.78742982455
672.58,1979.94996578946
672.78,1936.46030175438
672.97,1930.09534157893
673.17,1886.13382105263
673.36,1878.43732596491
673.56,1931.45056666665
673.75,1899.38352350878
673.95,1911.15875087718
674.14,1862.20341868423
674.34,1867.87071166668
674.54,1957.39942982455
674.73,1917.20874324561
674.93,1919.5994245614
675.12,1929.21248885965
675.32,1893.74967017545
675.51,1907.49768078947
675.71,1946.73916315789
675.9,1957.61788789474
676.1,1870.46498421054
676.29,1865.37462438597
676.49,1905.5377859649
676.68,1926.84410438596
676.88,1922.9467754386
677.07,1841.90129017544
677.27,1841.46960701752
677.46,1882.6635577193
677.66,1915.84460877193
677.85,1948.6257336842
678.05,1921.41770000001
678.24,1876.6996245614
678.43,1872.81224552631
678.63,1911.62513157895
678.82,1906.60322929824
679.02,1898.97971754386
679.21,1944.58515315789
679.41,1932.06865964911
679.6,1906.44686938596
679.8,1834.14778070177
679.99,1855.90919149123
680.19,1881.46313157894
680.38,1892.55709578948
680.58,1905.57478421053
680.77,1871.03595
680.97,1882.34577017544
681.16,1887.86771157896
681.36,1901.12510350877
681.55,1914.1942877193
681.74,1942.93589114035
681.94,1912.38813333335
682.13,1829.99209877194
682.33,1833.97445789474
682.52,1905.15676412279
682.72,1954.15449649122
682.91,1936.20810219299
683.11,1938.59928947369
683.3,1891.14076666667
683.49,1890.18204149123
683.69,1857.87198596491
683.88,1926.73502578947
684.08,1890.19964561403
684.27,1876.99578736842
684.47,1839.05685438598
684.66,1855.47596473683
684.86,1904.98079824561
685.05,1904.98746666666
685.24,1890.98660482456
685.44,1887.21721403508
685.63,1973.75558421052
685.83,1907.8983614035
686.02,1903.4923877193
686.21,1913.57940824562
686.41,1914.82923859649
686.6,1943.65406385964
686.8,1861.85007017546
686.99,1866.9592763158
687.19,1930.00002982454
687.38,1896.48712105264
687.57,1895.65488017544
687.77,1876.06885964913
687.96,1878.89540385966
688.16,1920.78891228071
688.35,1924.59566140351
688.54,1909.31434885966
688.74,1875.84316491228
688.93,1893.80008403508
689.13,1945.08199122807
689.32,1903.79731052634
689.51,1944.6337995614
689.71,1948.15693859649
689.9,1901.91993342106
690.1,1906.45632631578
690.29,1872.69065614035
690.48,1951.43294912281
690.68,1917.39348421054
690.87,1893.15700350877
691.06,1909.01979842105
691.26,1934.08197894737
691.45,1882.63532377193
691.65,1896.99749298245
691.84,1914.79951228071
692.03,1961.9839886842
692.23,1989.09808947369
692.42,1978.17227719299
692.61,1904.52231377193
692.81,1894.60248245614
693,1929.4614140351
693.19,1936.21485964911
693.39,1960.11145438596
693.58,1981.76469298245
693.78,1969.2574385965
693.97,1972.50135964913
694.16,1953.24206614035
694.36,1951.90633157894
694.55,1893.03407543861
694.74,1901.14543543858
694.94,1956.75378771931
695.13,1955.68364912281
695.32,1966.39574105263
695.52,1940.94980175439
695.71,1940.89360350877
695.9,1910.35892894736
696.1,2003.39789298246
696.29,1962.52760877194
696.48,1949.98550894737
696.68,2004.39709122806
696.87,2036.08096666666
697.06,2001.22719263159
697.26,1970.39401228069
697.45,2072.08366315789
697.64,2061.86205263159
697.84,2099.3322754386
698.03,2089.75564035087
698.22,2019.77582973684
698.42,1966.94090526316
698.61,2006.23209649123
698.8,2078.12450982454
699,2116.56034912281
699.19,2094.6898754386
699.38,2090.30280175438
699.57,2107.02986868419
699.77,2050.7289157895
699.96,2025.10610701755
700.15,2064.73552394737
700.35,2093.71840526317
700.54,2122.53980701754
700.73,2118.04070052632
700.93,2177.37599298246
701.12,2149.5105754386
701.31,2203.29998070173
701.5,2260.76085885965
701.7,2181.55548245615
701.89,2241.02831578946
702.08,2264.32619421053
702.28,2242.55049824562
702.47,2264.10859298246
702.66,2254.42916491227
702.85,2242.19399587719
703.05,2306.48917894734
703.24,2404.69710877192
703.43,2329.90685263158
703.63,2399.06913684209
703.82,2414.73347719298
704.01,2437.52852631579
704.2,2487.9671018421
704.4,2456.77095789474
704.59,2429.99695789475
704.78,2482.51281228068
704.97,2528.70698157894
705.17,2546.9252473684
705.36,2585.66866842104
705.55,2505.82261578948
705.74,2490.54433938597
705.94,2511.13999824561
706.13,2522.64948771929
706.32,2617.76628947368
706.51,2660.92690043859
706.71,2709.96749298246
706.9,2705.24875964913
707.09,2757.47135438596
707.28,2767.48761877192
707.48,2815.94158421052
707.67,2860.9652491228
707.86,2813.33264035089
708.05,2943.24205429821
708.25,2962.16579122805
708.44,2889.89250701756
708.63,2949.39031403507
708.82,2943.15598421053
709.01,2941.48789
709.21,3023.47760350877
709.4,3014.14380877193
709.59,3075.55731578948
709.78,3131.69459657892
709.98,3212.70650701755
710.17,3195.13894912283
710.36,3234.37007543859
710.55,3305.16489824561
710.74,3298.80036842106
710.94,3338.58958771929
711.13,3368.63691052632
711.32,3456.4522614035
711.51,3433.77574561404
711.7,3510.1207477193
711.9,3430.61301578946
712.09,3493.7562263158
712.28,3550.37689298245
712.47,3603.78225087719
712.66,3667.85060078947
712.86,3639.3625649123
713.05,3697.36193157893
713.24,3868.77016666666
713.43,3924.12781228069
713.62,3906.20207631579
713.82,3970.91597543858
714.01,3924.28704210526
714.2,3941.47919824561
714.39,4018.82951228068
714.58,4076.95592807016
714.77,4130.89530131579
714.97,4181.58223157894
715.16,4162.99521929824
715.35,4184.82920526318
715.54,4266.79034035087
715.73,4349.53545824561
715.93,4357.38041052633
716.12,4371.99294210527
716.31,4386.77727017541
716.5,4549.36908947367
716.69,4456.91725263162
716.88,4369.41900175438
717.07,4429.72811078948
717.27,4515.51990175439
717.46,4491.79616842105
717.65,4468.15723333334
717.84,4528.01331228071
718.03,4541.9855649123
718.22,4548.84249552632
718.42,4570.64631052629
718.61,4628.79634561403
718.8,4618.23290175438
718.99,4687.21773157896
719.18,4731.50238596492
719.37,4745.33036491228
719.56,4751.73655859649
719.76,4860.14718947367
719.95,4874.8993
720.14,4925.7221245614
720.33,5105.18512105262
720.52,5179.75101578948
720.71,5310.11984912283
720.9,5443.71382456139
721.09,5428.98150157897
721.29,5611.74662631576
721.48,5771.99368596491
721.67,5856.1139596491
721.86,5933.80556491229
722.05,5953.27382280702
722.24,5982.28911403511
722.43,6115.35772280699
722.62,6158.24168947369
722.81,6231.92366192979
723.01,6196.64618421054
723.2,6124.64236491227
723.39,6180.40919649123
723.58,6158.03678421051
723.77,6245.36291052629
723.96,6351.1401508772
724.15,6361.51245614035
724.34,6465.56635087717
724.53,6499.84160175439
724.72,6606.81371710528
724.92,6633.91313508771
725.11,6754.9429877193
725.3,6822.1817350877
725.49,6864.49371228069
725.68,6875.65455087717
725.87,6992.07485614037
726.06,7052.27144736843
726.25,7136.21986666668
726.44,7275.40077894736
726.63,7303.66001578946
726.82,7361.32060877192
727.01,7438.84345087717
727.2,7494.1443363158
727.4,7519.59443684212
727.59,7496.5170649123
727.78,7552.9514807017
727.97,7671.20207368421
728.16,7837.8340473684
728.35,7932.66455263158
728.54,7959.93297368423
728.73,7922.43369298245
728.92,7911.61608421052
729.11,8074.61853508771
729.3,8149.95681578948
729.49,8264.8039508772
729.68,8499.46591929821
729.87,8559.13456666666
730.06,8692.56658947365
730.25,8624.93986315788
730.44,8704.45005263155
730.63,8765.11380175437
730.82,8832.11002710525
731.02,8888.10555789472
731.21,8940.88607368422
731.4,9079.17841052631
731.59,9170.92289473684
731.78,9308.22504912279
731.97,9415.27051578948
732.16,9544.25603684207
732.35,9663.95636842105
732.54,9743.56382982455
732.73,9886.56462105261
732.92,10048.3516245614
733.11,10223.099845614
733.3,10103.6111298246
733.49,10305.2383403509
733.68,10410.1601210526
733.87,10502.9640877193
734.06,10519.2635947368
734.25,10713.4148192982
734.44,10749.6576807018
734.63,10825.9870982456
734.82,10968.9292438596
735.01,10925.1721754386
735.2,11054.1018350877
735.39,11091.4754807017
735.58,10959.7072578947
735.77,11114.3859473684
735.96,11192.7220649123
736.15,11202.5663333333
736.34,11314.531477193
736.53,11379.619322807
736.72,11484.0203596491
736.91,11519.5552280702
737.1,11631.6228070176
737.29,11697.9290140351
737.48,11798.1625824561
737.67,11827.7366929825
737.86,11924.6784614035
738.05,11826.7558473685
738.24,11887.0917789474
738.43,11921.6557035087
738.62,11967.2281929825
738.81,12103.4656912281
739,12040.5462140351
739.19,12185.4308333333
739.38,12202.3493184211
739.56,12345.2161886939
739.75,12440.1464842105
739.94,12441.8860280702
740.13,12584.2419614035
740.32,12653.2841122807
740.51,12620.1035491228
740.7,12515.1510070176
740.89,12716.1220315789
741.08,12687.7440929824
741.27,12650.3858719298
741.46,12713.2392368421
741.65,12881.3144017544
741.84,12996.7082105263
742.03,12859.799577193
742.22,12915.1520807018
742.41,13072.4245614035
742.6,13169.3067929825
742.79,13250.1898719298
742.98,13345.9777894737
743.16,13228.2095797271
743.35,13400.7589070176
743.54,13417.253368421
743.73,13438.2627
743.92,13398.565977193
744.11,13450.2840105263
744.3,13445.312145614
744.49,13599.5154333333
744.68,13595.480454386
744.87,13544.0512666667
745.06,13823.4393157894
745.25,13849.1029017544
745.44,13899.8358263158
745.62,13835.8486247563
745.81,13910.1328315789
746,13775.5668421053
746.19,13834.6163736842
746.38,13938.0248175438
746.57,13986.1585333333
746.76,14036.9454561404
746.95,13960.7959122807
747.14,13971.0767649123
747.33,13957.6373535088
747.51,14081.4789062378
747.7,14160.7617315789
747.89,14174.7428649123
748.08,14202.2921298246
748.27,14207.3901929824
748.46,14268.3966947368
748.65,14106.1298649123
748.84,14118.6879807017
749.02,14213.9021091618
749.21,14121.4462210526
749.4,14173.2634929824
749.59,14177.1949912281
749.78,14162.0127789473
749.97,14151.2565631579
750.16,14166.9108385965
750.35,14177.5480850877
750.53,14140.1307384016
750.72,14258.6259982456
750.91,14197.1746350877
751.1,14159.1784368421
751.29,14265.4560368421
751.48,14339.4958508772
751.67,14293.5881122807
751.85,14365.5814099415
752.04,14252.4026649123
752.23,14220.1118596491
752.42,14279.1168280702
752.61,14375.0494701754
752.8,14349.0889192983
752.99,14461.585577193
753.17,14529.6200762183
753.36,14434.4931596491
753.55,14512.5393947368
753.74,14433.7685385965
753.93,14495.0488877193
754.12,14570.4607166667
754.3,14425.8605849903
754.49,14435.8098508772
754.68,14439.4755964912
754.87,14462.0941964912
755.06,14412.0211192983
755.25,14320.2576131579
755.43,14352.9359734893
755.62,14371.760168421
755.81,14324.0736789474
756,14253.9943263158
756.19,14358.6840692982
756.37,14381.178845809
756.56,14336.0352596491
756.75,14368.3850157895
756.94,14302.4710789474
757.13,14288.3094578947
757.32,14220.1544780702
757.5,14315.8330859649
757.69,14299.9731824562
757.88,14263.2841824561
758.07,14213.1038578948
758.26,14197.9653350877
758.44,13967.1769352827
758.63,13702.9529877194
758.82,13230.8447614035
759.01,12658.6751350877
759.19,11869.986008967
759.38,10975.1250140352
759.57,10036.3503596491
759.76,9150.04532982472
759.95,8287.06818508773
760.13,7698.37785068237
760.32,7231.32279824562
760.51,6882.11188596496
760.7,6795.19561578948
760.89,6841.31317894734
761.07,7191.03684424953
761.26,7526.02738245608
761.45,7897.43688596493
761.64,8243.35056052623
761.82,8427.95283918128
762.01,8418.11761578948
762.2,8382.8461859649
762.39,8212.03106403512
762.57,8100.12586900584
762.76,7908.01359473689
762.95,7854.7461
763.14,7811.84188333333
763.32,7962.75740994151
763.51,8140.0561333333
763.7,8184.09220175439
763.89,8292.63862456138
764.07,8540.97060175437
764.26,8819.95848070171
764.45,9022.60690350876
764.64,9202.54361052629
764.82,9437.73903859649
765.01,9698.32512631575
765.2,9781.91452982457
765.39,9908.93973684208
765.57,10095.6019300195
765.76,10335.4121947368
765.95,10518.8307473684
766.14,10798.0701447368
766.32,10956.2254413256
766.51,11178.8993333333
766.7,11437.7308403509
766.88,11601.4901590643
767.07,11818.2897070176
767.26,11994.6372421052
767.45,12177.4463491228
767.63,12353.6266292398
767.82,12412.3798561404
768.01,12517.5052385965
768.19,12712.128834113
768.38,12725.2954614035
768.57,12867.6745561403
768.76,12843.5565
768.94,12843.9173672515
769.13,12850.3899929825
769.32,12995.0733666667
769.5,12994.5390512671
769.69,13002.5773122807
769.88,13148.0074157895
770.06,13217.4598676413
770.25,13355.5000438597
770.44,13281.1813570175
770.62,13220.286980117
770.81,13144.8582561404
771,13103.2218052632
771.19,13084.4186421052
771.37,13100.1138099415
771.56,13043.5569403509
771.75,13044.8683789474
771.93,13134.9814023391
772.12,13156.417745614
772.31,13217.6708008772
772.49,13182.1516384016
772.68,13221.0871315789
772.87,13122.1798175439
773.05,13028.9836452242
773.24,13162.2573877193
773.43,13097.2509298246
773.61,13102.5111155945
773.8,13056.4342350877
773.99,13055.3432701754
774.17,12894.4192161794
774.36,12947.5510008772
774.54,13003.7480789474
774.73,12921.3264122807
774.92,12717.0929754386
775.1,12900.9578194932
775.29,12840.1432333333
775.48,13040.0916482456
775.66,12994.9057304094
775.85,12947.4047561404
776.04,12840.8321885965
776.22,12857.9803454191
776.41,12739.0725245615
776.6,12856.3552912281
776.78,12758.2283025341
776.97,12732.5166245614
777.15,12675.856337232
777.34,12688.4942263158
777.53,12719.3251140351
777.71,12503.8310395712
777.9,12619.2004631579
778.09,12692.3044394737
778.27,12657.0794510721
778.46,12564.9373956141
778.64,12539.9580563353
778.83,12590.9493877193
779.02,12615.0010350877
779.2,12588.1985573099
779.39,12593.220868421
779.57,12590.8531760234
779.76,12468.7359438597
779.95,12498.75135
780.13,12474.185679922
780.32,12435.5330280702
780.5,12331.6701358675
780.69,12490.4671421053
780.88,12475.1817824561
781.06,12459.1774842105
781.25,12441.8740078947
781.43,12370.5369881092
781.62,12413.5046035088
781.81,12524.4463307017
781.99,12435.584442885
782.18,12374.5406464912
782.36,12304.442837037
782.55,12269.3310771929
782.73,12357.8275865497
782.92,12241.0373561404
783.11,12049.0628298246
783.29,12079.8317157895
783.48,12122.2577991228
783.66,12133.7617812865
783.85,11964.653304386
784.03,12105.0639818713
784.22,12083.0477491228
784.41,12041.8587640351
784.59,12043.0846551657
784.78,12122.1436008772
784.96,12086.7616512671
785.15,12039.1733692983
785.33,11883.744960039
785.52,12049.731495614
785.7,12091.547645614
785.89,11904.5222157895
786.08,11898.2694491228
786.26,11913.6557120858
786.45,11924.7702605263
786.63,11884.451154191
786.82,11847.7791210526
787,11827.2770448343
787.19,11777.2293473684
787.37,11698.4376048733
787.56,11732.8498763158
787.74,11773.9556625731
787.93,11687.4720122807
788.11,11613.5564210526
788.3,11642.0582631579
788.49,11568.7703605263
788.67,11579.9869643275
788.86,11590.7096482456
789.04,11527.6551789474
789.23,11453.1942859649
789.41,11328.9369352827
789.6,11416.8285570175
789.78,11504.1862079922
789.97,11540.0535114035
790.15,11503.0534489279
790.34,11346.4976807018
790.52,11303.8018826511
790.71,11261.3394017544
790.89,11253.8274701754
791.08,11206.9278140351
791.26,11341.2664366471
791.45,11219.5308710526
791.63,11196.7379233918
791.82,11209.107704386
792,11303.8727881092
792.19,11240.7673631579
792.37,11114.1714329435
792.56,11068.0778850877
792.74,11153.5647808967
792.93,11044.7558333333
793.11,11143.9988196881
793.3,11150.5239701755
793.48,11127.1665879142
793.67,11036.8672482456
793.85,11119.494962963
794.03,11103.5078935673
794.22,10997.7419640351
794.4,11032.1940920078
794.59,11067.0549166667
794.77,11132.3914923977
794.96,11058.7905833333
795.14,11085.2143311891
795.33,11053.2981587719
795.51,11059.8913146199
795.7,11053.5202666667
795.88,10983.4681249513
796.07,10972.475577193
796.25,10986.4477851852
796.43,11043.7913247563
796.62,11145.1275008772
796.8,11144.4241214425
796.99,11081.0998736842
797.17,11036.8124153996
797.36,11014.6961315789
797.54,11079.4593103314
797.73,11171.7944175439
797.91,11084.2889759259
798.09,11079.6181300195
798.28,11082.1124982456
798.46,10971.6528300195
798.65,11038.5016850877
798.83,10960.2043758285
799.02,10942.1488912281
799.2,10949.4102259259
799.38,11024.514377193
799.57,10904.1778008772
799.75,10918.497217349
799.94,10916.5321035088
800.12,10884.5005697856
800.31,10815.2321517544
800.49,10873.7142222222
800.67,10845.3892927875
800.86,10814.7177763158
801.04,10786.0061062378
801.23,10859.2282385965
801.41,10930.3394907407
801.59,10886.5468023392
801.78,10754.3746254386
801.96,10800.7714292398
802.15,10777.730127193
802.33,10761.9095962963
802.51,10674.5758682261
802.7,10674.9022921053
802.88,10573.5465918129
803.07,10648.5669850877
803.25,10597.5319944445
803.43,10472.6402167641
803.62,10592.8153078947
803.8,10664.1460438596
803.99,10624.3837280702
804.17,10580.3578
804.35,10550.6638516569
804.54,10484.3198377193
804.72,10454.2376981482
804.9,10522.8593578947
805.09,10554.2492842105
805.27,10462.4791417154
805.46,10588.3557631579
805.64,10586.5511537037
805.82,10464.5530064327
806.01,10446.6031807017
806.19,10433.629812963
806.37,10381.2166208577
806.56,10392.5921675439
806.74,10351.9310074074
806.92,10490.0925452242
807.11,10428.2672324561
807.29,10392.481312963
807.47,10352.9689239766
807.66,10349.6579149123
807.84,10317.3653832359
808.03,10230.6742473685
808.21,10241.7036888889
808.39,10141.1901126706
808.58,10122.2753649123
808.76,10205.4943203704
808.94,10073.7119828461
809.13,9942.25618859648
809.31,9967.32967037035
809.49,10013.6042116959
809.68,9982.68027543864
809.86,9941.8691814815
810.04,9979.78685828462
810.23,9940.91262894736
810.41,9921.52212037038
810.59,9876.89346851853
810.77,9849.25981715403
810.96,9871.63958859649
811.14,9785.92020925928
811.32,9868.19708148148
811.51,9756.62372456147
811.69,9708.45929444445
811.87,9682.86714561404
812.06,9622.82780263162
812.24,9513.69748888889
812.42,9453.65284152045
812.61,9415.68946491229
812.79,9302.27584259263
812.97,9158.03255925924
813.15,9111.30605146199
813.34,9141.14580438596
813.52,9106.24617037036
813.7,9065.54671851853
813.89,8977.00427105261
814.07,8844.18680185185
814.25,8826.42450370372
814.43,8672.13834814819
814.62,8669.83401491228
814.8,8608.32309259258
814.98,8665.6013391813
815.17,8548.22507719303
815.35,8451.89608148146
815.53,8222.09608888894
815.71,8321.0600779727
815.9,8207.81835614039
816.08,8097.44747777779
816.26,8200.31764444446
816.44,8212.28010838204
816.63,8190.48985964911
816.81,8186.33852222218
816.99,8164.42777270955
817.18,8122.38533596491
817.36,8134.14112962962
817.54,8039.40772037039
817.72,8038.01807543861
817.91,8106.67142017543
818.09,8071.32206481481
818.27,8094.11896666667
818.45,8106.27676413257
818.64,8117.08177982455
818.82,7998.40504999999
819,8029.18439814813
819.18,8097.29134191035
819.37,8100.50810614036
819.55,8106.8356037037
819.73,8243.52381481481
819.91,8269.08242592589
820.09,8357.36424639378
820.28,8412.92364649121
820.46,8401.25054444447
820.64,8479.28568888887
820.82,8358.19323391812
821.01,8292.28145877197
821.19,8271.99964074073
821.37,8214.74523518518
821.55,8159.28263333336
821.73,8087.66286608186
821.92,7850.35077543865
822.1,7734.60532407408
822.28,7625.82450925927
822.46,7514.92543508773
822.65,7467.07556929824
822.83,7483.95782592594
823.01,7553.5087611111
823.19,7669.29172962962
823.37,7723.55102475634
823.56,7860.77495526312
823.74,7908.03558518517
823.92,7944.02621666666
824.1,7927.66682962964
824.28,7962.20278333331
824.46,8032.74649122808
824.65,8033.52988070175
824.83,8068.68892592593
825.01,8003.41999814816
825.19,8003.5269185185
825.37,8120.67000467838
825.56,8080.29669122809
825.74,8000.69562777779
825.92,8061.0378037037
826.1,8105.91438888888
826.28,8074.54640185183
826.46,8001.88079824562
826.65,8037.90173596488
826.83,8167.04083148149
827.01,7953.52630000001
827.19,7904.74805185186
827.37,7745.59651481482
827.55,7841.91287348926
827.74,7772.18910438596
827.92,7769.77475370373
828.1,7699.06601851852
828.28,7724.47543703701
828.46,7752.66925555556
828.64,7664.79334795323
828.83,7621.68742280702
829.01,7648.30479444443
829.19,7714.48219444442
829.37,7702.03237592592
829.55,7651.25114444445
829.73,7614.41083703704
829.91,7550.46502397661
830.1,7634.63377807021
830.28,7630.82362037037
830.46,7581.16859074074
830.64,7607.79284444443
830.82,7671.02612777778
831,7563.24309629629
831.18,7598.0182722222
831.36,7659.94361091614
831.55,7544.83882456144
831.73,7489.00967037036
831.91,7554.52024259258
832.09,7520.49755
832.27,7549.00402407408
832.45,7462.57419814813
832.63,7529.68328703705
832.81,7466.19302222223
832.99,7410.14321637427
833.18,7443.91219473682
833.36,7465.10133148148
833.54,7456.55270555555
833.72,7394.19271481481
833.9,7395.15325370371
834.08,7484.25674074075
834.26,7583.90672407404
834.44,7629.92102592592
834.62,7619.19188888889
834.8,7622.3031688109
834.99,7556.40341929826
835.17,7554.63673888887
835.35,7593.35501111112
835.53,7561.10375185186
835.71,7540.62926296296
835.89,7530.72545370369
836.07,7594.75590370368
836.25,7557.80021111112
836.43,7499.74270555557
836.61,7628.61248888889
836.79,7601.49479629631
836.97,7584.25316851852
837.15,7595.74155146199
837.34,7431.4676026316
837.52,7521.88319629628
837.7,7450.76297407408
837.88,7488.32284444445
838.06,7462.82808518518
838.24,7394.19056111112
838.42,7424.3488259259
838.6,7482.40035555557
838.78,7455.95653518518
838.96,7524.53385925925
839.14,7446.27375000004
839.32,7476.52286111112
839.5,7457.03964629629
839.68,7577.27058333332
839.86,7368.13678703704
840.04,7373.46975925927
840.22,7428.55572407407
840.4,7425.88778518519
840.58,7368.47867407406
840.76,7262.27957953219
840.95,7277.24438245614
841.13,7386.35857407406
841.31,7430.73847592594
841.49,7398.36230740741
841.67,7338.23760925929
841.85,7393.91929444445
842.03,7354.29367962966
842.21,7309.51518148148
842.39,7299.86235555556
842.57,7314.7062537037
842.75,7277.57247962964
842.93,7233.95733333334
843.11,7255.27534074074
843.29,7252.84238518518
843.47,7208.47947037039
843.65,7283.12225555551
843.83,7199.05158703705
844.01,7111.94158888888
844.19,7160.06491851853
844.37,7089.72022407407
844.55,7137.85270740741
844.73,7088.74098333332
844.91,7121.08416481479
845.09,7188.90197222223
845.27,7174.6823185185
845.45,7193.7298148148
845.63,7190.82667592593
845.81,7234.81513148146
845.99,7151.97115
846.17,7024.72636296297
846.35,7112.95163888888
846.53,7057.3406111111
846.71,7052.63600370369
846.89,7005.81195
847.07,6955.32192777779
847.25,7062.64012037034
847.43,7067.12007777779
847.61,6939.35898671023
847.78,6996.63992843135
847.96,7011.52475185184
848.14,6931.38344444446
848.32,6960.38789999999
848.5,6946.10791481483
848.68,6874.01602962964
848.86,6814.65344629628
849.04,6736.51318518518
849.22,6741.40729814814
849.4,6698.73511296297
849.58,6663.47951481481
849.76,6671.18116111115
849.94,6728.61187777774
850.12,6731.01117592593
850.3,6680.3920574074
850.48,6690.40369629631
850.66,6706.89697962962
850.84,6700.07223888889
851.02,6675.12078703703
851.2,6686.93146361654
851.37,6697.00904117648
851.55,6748.88588518518
851.73,6710.64182222223
851.91,6658.79535370372
852.09,6602.88636111112
852.27,6565.0819425926
852.45,6609.48619074074
852.63,6540.3261648148
852.81,6473.34347592596
852.99,6323.30345555553
853.17,6171.76502592596
853.35,6110.46118344225
853.52,6022.82328431377
853.7,6018.85712407406
853.88,6047.67231666667
854.06,6150.40244629627
854.24,6226.81247222221
854.42,6175.09590185184
854.6,6299.93766481482
854.78,6343.59012962962
854.96,6309.79121111113
855.14,6343.01602777779
855.32,6276.73314923748
855.49,6329.19377549017
855.67,6419.92955740741
855.85,6370.36769629629
856.03,6473.13557407408
856.21,6421.49718888888
856.39,6368.63663518521
856.57,6438.07363703703
856.75,6381.70028976036
856.92,6394.18254803921
857.1,6352.21790740741
857.28,6362.83599259257
857.46,6387.76597037037
857.64,6384.84770555558
857.82,6362.21084444445
858,6425.2262722222
858.18,6345.42318039217
858.35,6322.39646176471
858.53,6313.98078888889
858.71,6344.11091481483
858.89,6295.37256666668
859.07,6353.14328518519
859.25,6384.04681851853
859.43,6389.22512636167
859.6,6334.08187450982
859.78,6300.12035555557
859.96,6356.41418148148
860.14,6318.09905555559
860.32,6303.31672222223
860.5,6238.51807407409
860.67,6224.58572745096
860.85,6263.63573148149
861.03,6249.22682777778
861.21,6265.65464259259
861.39,6323.20153703704
861.57,6245.91885740741
861.75,6238.64836339867
861.92,6201.30308137255
862.1,6307.90268148146
862.28,6211.86322407414
862.46,6145.40202592594
862.64,6189.26209433549
862.81,6308.42209509801
862.99,6267.56798703703
863.17,6218.49714074076
863.35,6124.33786296296
863.53,6145.43276481483
863.71,6043.40862352943
863.88,6110.2063352941
864.06,6123.65028333335
864.24,5978.04405555556
864.42,6062.23521296294
864.6,6089.59651938999
864.77,6050.01030784315
864.95,5904.89969814815
865.13,5790.97987592595
865.31,5725.64283518517
865.49,5687.99082679738
865.66,5640.29724901961
865.84,5642.30441111109
866.02,5617.98067962963
866.2,5687.94185751633
866.37,5696.85297450982
866.55,5798.94029629628
866.73,5835.36040370372
866.91,5851.69172962963
867.09,5790.55565729848
867.26,5789.96153039215
867.44,5827.90837962964
867.62,5790.70931666668
867.8,5802.74507668844
867.97,5763.99666078431
868.15,5773.64567777776
868.33,5811.88944444445
868.51,5827.92299814813
868.69,5708.59525511987
868.86,5746.31401176472
869.04,5774.79586111111
869.22,5773.53473333334
869.4,5660.61058017432
869.57,5734.29860294119
869.75,5777.06042037035
869.93,5738.10264814812
870.11,5711.54107189542
870.28,5689.14697254903
870.46,5699.48396666667
870.64,5659.42022777778
870.82,5705.50126732026
870.99,5725.27095882351
871.17,5700.43043703706
871.35,5746.33777538126
871.52,5713.48956274511
871.7,5664.43890370372
871.88,5631.71713888886
872.06,5619.46434335514
872.23,5606.08641960785
872.41,5617.38250925925
872.59,5566.42900555556
872.77,5589.06176318082
872.94,5604.73985686275
873.12,5580.68275370372
873.3,5609.85260871459
873.47,5592.0944
873.65,5584.51067777778
873.83,5613.62289629629
874.01,5475.98859651415
874.18,5471.30447549019
874.36,5469.0788037037
874.54,5551.19160653592
874.71,5530.7756509804
874.89,5514.84836111111
875.07,5501.63443681917
875.24,5434.20752156864
875.42,5490.26244814814
875.6,5508.55914814815
875.78,5546.83915446625
875.95,5488.43278039217
876.13,5515.90079814816
876.31,5450.62904923748
876.48,5445.30091764706
876.66,5411.90464259261
876.84,5371.48134379085
877.01,5410.52374215687
877.19,5434.88967037036
877.37,5399.91564575163
877.54,5408.86908823529
877.72,5373.16737222223
877.9,5372.35479694987
878.07,5328.34880392157
878.25,5404.78657962963
878.43,5358.31250217868
878.6,5356.32415196077
878.78,5318.41885740742
878.96,5342.08212418301
879.13,5280.85596274509
879.31,5305.28212407409
879.49,5192.44915076252
879.66,5236.29748333332
879.84,5200.19071296297
880.02,5218.96092614379
880.19,5269.65695784312
880.37,5281.43769259259
880.55,5251.80569389976
880.72,5292.13034411762
880.9,5251.69069814813
881.08,5241.31324684095
881.25,5218.74173235295
881.43,5217.52817799563
881.6,5271.95527254901
881.78,5148.51732407408
881.96,5257.35820762528
882.13,5219.62931568627
882.31,5205.06297037035
882.49,5193.60238997821
882.66,5154.41430196079
882.84,5201.50611198257
883.01,5151.07811372552
883.19,5105.49367407407
883.37,5144.10787385621
883.54,5055.97484607843
883.72,5139.90001699345
883.89,5197.92959411762
884.07,5096.40405
884.25,5111.08761437911
884.42,5209.49750588234
884.6,5173.44307222221
884.78,5163.52508322439
884.95,5163.48404313725
885.13,5048.45542549021
885.3,5099.03300588234
885.48,5040.45987222224
885.66,4987.9442657952
885.83,5030.6542617647
886.01,5043.86762091504
886.18,5101.71024607842
886.36,5127.29156557733
886.53,5095.74663725492
886.71,5120.27153888887
886.89,5125.44681220045
887.06,5045.47072352943
887.24,5048.71481394335
887.41,4975.86875882356
887.59,5021.17351328977
887.76,5018.19912058822
887.94,5077.19066666666
888.12,5085.2302265795
888.29,5093.25046176471
888.47,4995.15838344227
888.64,5019.84582058824
888.82,5000.08889825708
888.99,4938.11992352944
889.17,4937.37195
889.35,4943.58383333334
889.52,4964.06624607841
889.7,4960.33512897603
889.87,4974.11874803922
890.05,4947.76704422662
890.22,4904.79619999999
890.4,4918.47651568628
890.57,4865.73275098039
890.75,4864.17055577343
890.92,4882.06317058823
891.1,4898.71704629632
891.28,4896.22608148151
891.45,4863.69120490197
891.63,4876.95471960783
891.8,4817.8314264706
891.98,4816.88026753813
892.15,4876.48955294115
892.33,4771.7423956427
892.5,4737.36410686275
892.68,4738.4107714597
892.85,4735.91571960785
893.03,4756.71906274508
893.2,4790.44481764704
893.38,4722.41290392161
893.55,4747.21824117645
893.73,4610.95018932461
893.9,4494.29626764708
894.08,4533.83041089324
894.25,4549.6055401961
894.43,4521.11408605664
894.6,4454.6022392157
894.78,4534.85806688451
894.95,4561.11162156862
895.13,4466.24767342051
895.3,4478.00483921566
895.48,4383.91446971677
895.65,4334.90519705884
895.83,4350.84969738562
896,4294.3960019608
896.18,4304.17419869282
896.35,4271.11786960784
896.53,4252.86834139433
896.7,4326.52479313726
896.88,4296.93170610021
897.05,4218.31750490197
897.23,4174.08770087147
897.4,4173.00995980393
897.58,4140.45121067539
897.75,4093.93143039215
897.93,4049.35735860568
898.1,4119.46727745098
898.28,4167.66930588236
898.45,4128.0075509804
898.62,4089.05466764704
898.8,4049.85506971681
898.97,4018.7862509804
899.15,4040.4588775599
899.32,3959.4837745098
899.5,3992.17767559914
899.67,4068.19570196077
899.85,4005.88889716776
900.02,3960.69548137254
900.2,3876.20170588237
900.37,3995.7024588235
900.54,3963.06877058827
900.72,3896.63200588236
900.89,3921.59719117645
901.07,3959.1762056645
901.24,3912.56241666667
901.42,3927.25535991285
901.59,3906.23554509804
901.76,3956.70925588237
901.94,4016.42207952066
902.11,4008.54397745097
902.29,4078.40408191719
902.46,4119.27188039215
902.64,4123.19398082788
902.81,4087.55347058825
902.98,4037.78324411765
903.16,4146.44626492374
903.33,4105.07863823531
903.51,4115.73330392154
903.68,4090.75935882353
903.85,4141.47206960783
904.03,4167.84887407408
904.2,4089.02535490197
904.38,4100.74691764706
904.55,4098.40844117646
904.73,4095.82148671025
904.9,4020.84153333334
905.07,4013.26946960785
905.25,4055.76460326799
905.42,3972.97589215688
905.59,3906.03185196078
905.77,3963.17175555554
905.94,3910.69344117648
906.12,3874.06944531591
906.29,3826.96866862745
906.46,3877.4262362745
906.64,3844.52418366015
906.81,3834.25545196078
906.99,3835.76735381264
907.16,3842.15582745098
907.33,3806.66863431373
907.51,3879.37182723309
907.68,3850.2082392157
907.85,3801.30862843137
908.03,3721.02134662311
908.2,3744.58059411765
908.37,3819.51698431372
908.55,3757.07828474949
908.72,3720.10192745097
908.9,3726.11354727668
909.07,3741.07789607842
909.24,3698.11577647057
909.42,3644.95103376905
909.59,3691.3391372549
909.76,3714.67913921569
909.94,3680.02910588235
910.11,3735.79839215686
910.28,3770.93491862745
910.46,3707.65177908496
910.63,3686.6966411765
910.8,3704.1438205882
910.98,3733.37370784313
911.15,3613.59162352943
911.32,3613.49514019608
911.5,3653.39658366013
911.67,3600.05570196082
911.84,3542.02603333333
912.02,3590.94262962964
912.19,3577.18925294116
912.36,3506.12326568628
912.54,3614.61468213502
912.71,3569.21116470588
912.88,3516.34425
913.06,3540.18171176471
913.23,3567.18439803921
913.4,3524.65357352942
913.58,3542.28829215686
913.75,3565.82408235294
913.92,3521.11560980396
914.09,3465.3633382353
914.27,3480.75761220044
914.44,3458.45755098037
914.61,3502.8528990196
914.79,3540.93897363837
914.96,3457.17306078431
915.13,3464.91267745097
915.31,3510.16016644879
915.48,3524.58342941177
915.65,3578.79493333331
915.82,3513.10767058824
916,3494.04836405229
916.17,3474.8324764706
916.34,3482.21670000001
916.51,3483.89190098039
916.69,3451.61535882356
916.86,3396.89087647059
917.03,3409.48022058822
917.21,3417.7923869281
917.38,3454.47747254901
917.55,3482.0299352941
917.72,3474.17937254901
917.9,3431.84078344227
918.07,3412.76643529412
918.24,3408.12601568627
918.41,3501.76646470587
918.59,3514.77110718954
918.76,3483.74776274509
918.93,3484.70445098039
919.1,3555.15346078431
919.28,3521.151751634
919.45,3494.41942941176
919.62,3537.81964117645
919.79,3475.52987941179
919.97,3430.63590893245
920.14,3425.99793725493
920.31,3278.21163921572
920.48,3364.77943921569
920.66,3428.20716405226
920.83,3428.87660980391
921,3428.2097156863
921.17,3360.25970294118
921.35,3423.55927538126
921.52,3453.88817254905
921.69,3433.70840196079
921.86,3363.71564509804
922.03,3384.465
922.21,3430.94066971676
922.38,3356.50880784316
922.55,3404.93971960781
922.72,3453.53500686274
922.9,3357.95398082793
923.07,3320.5162745098
923.24,3275.32206470589
923.41,3351.26061372548
923.58,3344.52463137256
923.76,3330.80405032679
923.93,3363.02939019608
924.1,3307.70342941176
924.27,3338.35823137253
924.44,3454.16793627451
924.62,3399.02127668844
924.79,3288.04509803924
924.96,3342.87831176472
925.13,3292.58369019607
925.3,3256.31633921571
925.47,3203.7531254902
925.65,3274.25816013071
925.82,3263.45300980392
925.99,3246.56246274509
926.16,3299.51851176471
926.33,3294.1193980392
926.51,3255.64713703707
926.68,3232.79456470589
926.85,3113.48682745098
927.02,3149.24970588235
927.19,3140.98206666667
927.36,3095.62064411765
927.54,3119.74580130716
927.71,3124.8533607843
927.88,3072.96967843139
928.05,3075.62150784314
928.22,3038.92208235294
928.39,2991.4789019608
928.56,2944.01739607845
928.74,2960.01285991286
928.91,2991.28013529411
929.08,2983.68442941177
929.25,2952.38986274511
929.42,2933.01336666667
929.59,2911.54932352941
929.77,2831.53278605665
929.94,2843.2212490196
930.11,2877.33122156863
930.28,2823.60413137257
930.45,2729.18207647059
930.62,2739.45661764707
930.79,2734.46173137255
930.96,2709.32314313725
931.14,2710.60560392158
931.31,2692.97424509806
931.48,2676.77821568627
931.65,2603.80401568628
931.82,2658.01406274511
931.99,2633.13860784314
932.16,2593.17169019608
932.33,2591.7862254902
932.5,2509.77537058824
932.68,2486.75549564269
932.85,2482.13994117647
933.02,2416.04098823531
933.19,2375.21091960784
933.36,2414.17318039216
933.53,2413.65171372548
933.7,2499.5927490196
933.87,2454.97849019608
934.04,2422.94013137257
934.21,2433.36351960785
934.39,2424.56174531591
934.56,2404.1960627451
934.73,2399.48644117647
934.9,2422.90809607843
935.07,2414.64678627451
935.24,2337.29406862746
935.41,2334.42387058823
935.58,2391.17210980391
935.75,2388.63300196081
935.92,2406.79265294116
936.09,2384.32657843137
936.26,2321.35156666667
936.44,2356.10797538125
936.61,2395.59680980392
936.78,2378.47795882352
936.95,2388.47839019607
937.12,2432.65694509804
937.29,2358.98308235295
937.46,2398.93062745098
937.63,2383.1740490196
937.8,2399.61915490196
937.97,2463.17796078432
938.14,2476.88263725491
938.31,2466.1117509804
938.48,2422.06060980394
938.65,2481.74410196078
938.82,2470.5950607843
938.99,2505.72804117648
939.16,2480.43798823529
939.33,2473.83817647059
939.5,2464.21684999999
939.68,2446.15092832243
939.85,2478.38043333332
940.02,2441.90398235295
940.19,2421.18170784314
940.36,2434.34210784315
940.53,2483.80261568627
940.7,2388.41089607843
940.87,2399.43431764706
941.04,2485.18003137255
941.21,2442.29569019607
941.38,2466.42834117648
941.55,2490.38668431371
941.72,2493.49603529411
941.89,2461.82790784315
942.06,2433.9550019608
942.23,2460.18419019607
942.4,2427.19430784316
942.57,2378.83364901962
942.74,2436.01857647057
942.91,2414.47938627454
943.08,2367.70514705883
943.25,2387.41444117646
943.42,2420.0800647059
943.59,2394.24740196079
943.76,2402.03185098037
943.93,2400.88412352941
944.1,2406.75202941176
944.27,2393.17014313728
944.44,2419.02131764703
944.61,2415.22451960783
944.78,2396.75669411765
944.95,2320.21140784314
945.12,2346.53146274511
945.29,2402.80757254902
945.46,2338.68682352942
945.63,2317.18651568626
945.8,2329.69347058823
945.97,2450.85499595588
946.13,2344.67399019609
946.3,2281.50765686276
946.47,2311.15746078432
946.64,2338.46991960782
946.81,2331.4214745098
946.98,2351.48067450981
947.15,2355.98892156862
947.32,2362.75524313726
947.49,2418.80814117646
947.66,2451.92668431373
947.83,2347.76081960783
948,2367.27648039218
948.17,2311.60512156863
948.34,2346.99216666667
948.51,2330.89444313725
948.68,2345.2947862745
948.85,2318.88820392157
949.02,2276.5723862745
949.19,2378.32173394605
949.35,2370.64549019607
949.52,2346.37462352943
949.69,2384.7236117647
949.86,2382.14936470589
950.03,2422.38951764705
950.2,2424.12686666668
950.37,2373.59995490195
950.54,2352.9101509804
950.71,2341.04044117647
950.88,2416.55074705881
951.05,2374.53533333335
951.22,2313.16241372549
951.39,2345.07766213236
951.55,2397.2995833333
951.72,2420.60193921568
951.89,2351.97473529413
952.06,2358.36801176471
952.23,2384.61592156863
952.4,2311.09590000001
952.57,2361.96548039216
952.74,2392.16930392154
952.91,2358.85778235296
953.08,2351.03257855392
953.24,2300.98138088235
953.41,2332.27720784314
953.58,2320.79594117647
953.75,2306.76859215687
953.92,2300.56034313725
954.09,2282.6685254902
954.26,2267.47602941178
954.43,2302.7094855392
954.59,2308.67475784314
954.76,2280.67297254903
954.93,2268.16515294118
955.1,2279.48605294118
955.27,2269.32586274511
955.44,2308.25315294118
955.61,2293.3691254902
955.78,2313.71476335784
955.94,2261.22153823532
956.11,2259.5493627451
956.28,2280.05721568627
956.45,2277.85212941177
956.62,2287.54896470588
956.79,2244.20552156863
956.96,2192.52560245098
957.12,2242.04661176471
957.29,2352.46146862742
957.46,2386.06477647059
957.63,2309.0803843137
957.8,2302.25840196078
957.97,2317.32138370097
958.13,2299.06723284316
958.3,2282.130627451
958.47,2247.52574117648
958.64,2292.97429215687
958.81,2287.55059607843
958.98,2343.86795563725
959.14,2256.77394950982
959.31,2182.25839607844
959.48,2197.26347058823
959.65,2247.80735294117
959.82,2299.69280122549
959.98,2319.9655901961
960.15,2331.08924313726
960.32,2298.04658431373
960.49,2302.79909803921
960.66,2294.9608490196
960.83,2310.01717193628
960.99,2250.64676519608
961.16,2283.06235882352
961.33,2321.11283921568
961.5,2319.14814901959
961.67,2295.65117757352
961.83,2301.64955931371
962,2246.14974901963
962.17,2280.6615627451
962.34,2250.03966666668
962.51,2242.75289938724
962.67,2248.00009460786
962.84,2263.7242254902
963.01,2255.22908235295
963.18,2258.81852144608
963.34,2291.22626764706
963.51,2320.66302352942
963.68,2330.22638039217
963.85,2297.95701568628
964.02,2249.49089154411
964.18,2222.06199460782
964.35,2281.76762352941
964.52,2300.06216862746
964.69,2278.74550196081
964.85,2265.23518039217
965.02,2259.51166666665
965.19,2227.34415490197
965.36,2190.14191311274
965.52,2172.61521666666
965.69,2225.95155294115
965.86,2267.46082352941
966.03,2275.50198566177
966.19,2284.80913088235
966.36,2315.46275882353
966.53,2335.59261960782
966.7,2314.01127058823
966.86,2246.09883676472
967.03,2340.17738823526
967.2,2333.36632941175
967.37,2280.20557647061
967.53,2316.61650441175
967.7,2309.91575098039
967.87,2274.67998039216
968.04,2283.88080526961
968.2,2327.421975
968.37,2292.32704901959
968.54,2277.66538627451
968.7,2283.80906960783
968.87,2303.46666078432
969.04,2340.14855098037
969.21,2347.22183345587
969.37,2228.46648039218
969.54,2281.07095882351
969.71,2318.24629889705
969.87,2282.4178004902
970.04,2256.19818039217
970.21,2261.31687843137
970.38,2289.33815686275
970.54,2390.1962828431
970.71,2359.13914705881
970.88,2323.4376452206
971.04,2225.75847205885
971.21,2202.88607254903
971.38,2259.79304644606
971.54,2276.60523578432
971.71,2271.52452156864
971.88,2323.03708357842
972.04,2320.07212009806
972.21,2279.46755882352
972.38,2223.69599411767
972.55,2275.18140968135
972.71,2335.22942156862
972.88,2292.01486470588
973.05,2285.14033921567
973.21,2284.52057205881
973.38,2236.32007254904
973.55,2258.77205821077
973.71,2236.26501470589
973.88,2254.37559607842
974.05,2284.39996335781
974.21,2296.05956617646
974.38,2227.08778823529
974.55,2254.48229019608
974.71,2224.14300196078
974.88,2177.41898578432
975.04,2187.3623745098
975.21,2169.34130000001
975.38,2136.80569620098
975.54,2169.02295588234
975.71,2201.45188823529
975.88,2178.35058357845
976.04,2151.10394558824
976.21,2151.59068039216
976.38,2151.218383701
976.54,2209.27718186273
976.71,2166.03842745098
976.88,2142.20677659314
977.04,2159.19890686274
977.21,2212.53338308823
977.37,2196.8514490196
977.54,2223.97643333332
977.71,2205.1105182598
977.87,2202.89594215686
978.04,2265.1384862745
978.21,2220.09019877451
978.37,2250.77581274508
978.54,2236.55287830882
978.7,2301.67045588235
978.87,2202.93977058825
979.04,2198.86018897055
979.2,2241.81992892155
979.37,2156.52342794121
979.53,2147.5184
979.7,2194.4983372549
979.87,2183.60742230392
980.03,2128.29252205884
980.2,2171.78478370098
980.36,2146.40459166667
980.53,2152.61424117646
980.7,2174.29466580883
980.86,2254.92068382351
981.03,2224.27261176472
981.19,2167.26094460786
981.36,2123.14283259805
981.52,2106.9274122549
981.69,2157.98613921569
981.86,2214.21962022059
982.02,2211.30481127451
982.19,2206.4775175245
982.35,2170.84408529412
982.52,2166.92636409312
982.68,2167.64848333332
982.85,2172.38875882352
983.02,2119.97707524511
983.18,2133.91777205881
983.35,2180.17036421567
983.51,2192.75564117648
983.68,2153.55360784314
983.84,2126.02853284314
984.01,2139.54320588234
984.17,2143.12609950982
984.34,2112.68268431373
984.51,2177.49240980392
984.67,2208.89801176471
984.84,2174.42532806373
985,2158.86737647059
985.17,2174.40413921567
985.33,2251.05125049018
985.5,2158.21378504904
985.66,2156.27029166665
985.83,2194.91438566176
985.99,2164.4190627451
986.16,2189.12825355391
986.32,2200.63163970588
986.49,2174.18169607844
986.66,2168.99834056371
986.82,2134.82239264705
986.99,2136.54356740197
987.15,2132.56616911764
987.32,2185.76404105392
987.48,2203.4902740196
987.65,2200.53166078432
987.81,2173.48581911766
987.98,2116.39224362746
988.14,2157.59965147058
988.31,2127.07237316176
988.47,2129.09121127452
988.64,2099.88020906863
988.8,2160.72067794117
988.97,2165.54486409314
989.13,2184.88613921568
989.3,2165.89644129903
989.46,2189.41030490197
989.63,2132.28970343136
989.79,2123.6808127451
989.96,2153.78396997548
990.12,2130.32542254902
990.29,2087.84895894609
990.45,2142.06179607844
990.62,2196.02566654411
990.78,2168.85303958333
990.94,2137.30763627451
991.11,2249.68509938725
991.27,2215.8623730392
991.44,2152.63286274511
991.6,2114.72502107843
991.77,2100.98081372549
991.93,2099.79724901961
992.1,2062.41166801472
992.26,2092.81209999998
992.43,2112.46139007352
992.59,2101.63562892157
992.76,2110.77895943627
992.92,2097.51842916667
993.08,2129.15749411765
993.25,2164.44534914214
993.41,2132.20241911766
993.58,2098.28284705883
993.74,2136.45736813725
993.91,2090.97714889707
994.07,2066.16488039216
994.24,2081.03253394608
994.4,2184.87715833332
994.56,2145.87810980393
994.73,2173.94976151962
994.89,2128.56592156862
995.06,2111.95575686276
995.22,2055.84602450981
995.39,2088.34362365196
995.55,2128.85413958331
995.71,2178.41178970588
995.88,2183.06259987745
996.04,2182.26202990197
996.21,2151.33675355392
996.37,2118.60876458333
996.53,2126.49332156863
996.7,2106.99934644609
996.86,2161.00345147058
997.03,2137.64226482842
997.19,2074.96140686275
997.36,2139.83431887255
997.52,2147.05226249998
997.68,2100.0803279412
997.85,2116.1737384804
998.01,2113.31972549018
998.18,2070.80480784313
998.34,2094.77245208333
998.5,2102.2561862745
998.67,2111.85040784313
998.83,2038.998
998.99,2078.68786666667
999.16,2126.36559080882
999.32,2112.82168480392
999.49,2067.27575551471
999.65,2086.77059791667
999.81,2084.95414656862
999.98,2081.99229276961
1000.14,2037.01005000002
1000.3,2049.67632990195
1000.47,2083.57775882353
1000.63,2026.6082490196
1000.8,2022.31620330883
1000.96,2050.4068625
1001.12,2089.13600588235
1001.29,2033.7654216912
1001.45,2029.00368125
1001.61,2039.16633235296
1001.78,2061.89350392156
1001.94,2115.08510625
1002.1,2045.52634068627
1002.27,2013.43846274509
1002.43,2092.25313958329
1002.59,2078.22511568626
1002.76,2031.9768817402
1002.92,2004.81415416667
1003.08,1980.6744995098
1003.25,1997.0693332108
1003.41,2078.26234374998
1003.57,2077.43822352941
1003.74,2055.72929264707
1003.9,2040.59849166666
1004.06,2057.60983186274
1004.23,2035.5307680147
1004.39,2024.12629791667
1004.55,2047.48964068626
1004.72,2076.11970196078
1004.88,2100.44267291666
1005.04,2124.49898872549
1005.21,2103.64728688726
1005.37,2068.43671249999
1005.53,2036.87183970588
1005.7,2071.25017303921
1005.86,2088.33771041667
1006.02,2026.30670416666
1006.18,1990.95439509806
1006.35,1937.95595943627
1006.51,1962.21878333332
1006.67,1979.48329460784
1006.84,1953.07040122549
1007,2042.96002708333
1007.16,2057.31260294116
1007.33,2057.98884583333
1007.49,2063.73535416666
1007.65,2015.11513958335
1007.81,2023.37992058822
1007.98,2031.18872757353
1008.14,2038.23771458333
1008.3,2034.08384583331
1008.46,2045.5230240196
1008.63,2022.43768492648
1008.79,2000.01976666665
1008.95,2033.5708622549
1009.12,1987.3078987745
1009.28,1977.78799791669
1009.44,2050.45665416663
1009.6,2062.54100196077
1009.77,1990.54995686276
1009.93,1967.05488124999
1010.09,2007.45144375
1010.25,2056.5350607843
1010.42,1987.97534313727
1010.58,1966.63200625
1010.74,1971.48018750002
1010.9,2022.78834068626
1011.07,2048.55735294117
1011.23,1995.53914791667
1011.39,1961.92646875001
1011.55,1958.97921715686
1011.72,2027.91427634804
1011.88,2000.95044583331
1012.04,1991.18523125002
1012.2,1996.97399656864
1012.37,2055.32389362744
1012.53,2091.13223541664
1012.69,2040.31055208334
1012.85,2038.08598124999
1013.01,1999.31795882354
1013.18,2032.03788247548
1013.34,1984.1291625
1013.5,2017.49399583332
1013.66,2090.18035049019
1013.83,2056.3229567402
1013.99,2050.41985000001
1014.15,2074.61134583334
1014.31,2057.9233541667
1014.47,1971.25456862746
1014.64,1983.03530588236
1014.8,1955.90003125001
1014.96,1956.5492
1015.12,2006.49648541666
1015.28,2037.00168823528
1015.45,2033.10597977941
1015.61,1997.00261041668
1015.77,1955.78474166666
1015.93,1967.94538541667
1016.09,2006.92251617648
1016.26,2033.01632156862
1016.42,2019.33603541667
1016.58,1952.4625625
1016.74,1907.56557083334
1016.9,1921.56672708334
1017.06,1972.61174803922
1017.23,1958.3772817402
1017.39,2003.99509583332
1017.55,2028.19472500001
1017.71,2040.64777291666
1017.87,1997.76315625001
1018.03,2051.49757549019
1018.2,1988.24492879901
1018.36,1959.44250416669
1018.52,1959.37511249999
1018.68,1973.67549583333
1018.84,1961.06448958333
1019,1954.43836911764
1019.17,1974.73795821079
1019.33,1944.21267083333
1019.49,2004.25681875001
1019.65,1965.79879791666
1019.81,1989.9273
1019.97,2008.04292708334
1020.13,1997.99081911763
1020.3,1913.6712490196
1020.46,1946.16042708333
1020.62,1988.45386666665
1020.78,2042.66808125
1020.94,2014.43177708335
1021.1,1975.1980125
1021.26,2003.27529583332
1021.42,2046.69585000001
1021.59,2018.83809068631
1021.75,2013.68803333334
1021.91,1957.05739166667
1022.07,1954.90403750001
1022.23,1952.15020833336
1022.39,1925.27766874999
1022.55,1913.56072291666
1022.71,1970.12523676468
1022.88,2038.81516139705
1023.04,2004.15073958331
1023.2,2029.69469999996
1023.36,2032.5589666667
1023.52,1960.47009375002
1023.68,1972.0296625
1023.84,1933.74629166666
1024,1933.65171041666
1024.16,1900.05137708333
1024.32,1949.3556313726
1024.49,1962.72153541666
1024.65,1981.108625
1024.81,1964.19173749999
1024.97,1975.48975416668
1025.13,2004.73645208334
1025.29,2027.72470833336
1025.45,2039.116425
1025.61,2003.86491874999
1025.77,1937.23088333337
1025.93,1969.13698541666
1026.09,1934.76065208328
1026.25,1941.12550416667
1026.41,1909.09223529411
1026.58,1928.5935215686
1026.74,1928.48516875001
1026.9,1958.72283750002
1027.06,2020.39695208336
1027.22,2011.79236875
1027.38,1926.98155833332
1027.54,1934.29530833338
1027.7,1970.74847083333
1027.86,1909.09437083332
1028.02,1940.70000208335
1028.18,1959.13574375001
1028.34,1964.9380041666
1028.5,1905.14225833333
1028.66,1886.12754166667
1028.82,1909.05165000004
1028.98,1973.85009374999
1029.14,1985.34894166668
1029.3,1991.28622708331
1029.46,1977.15751041667
1029.62,1952.17514374998
1029.78,1944.40119166663
1029.94,1951.76417708335
1030.1,1949.44786458331
1030.26,1920.3335980392
1030.43,1897.08721642158
1030.59,1953.35935208339
1030.75,2019.34769583332
1030.91,1949.37216041666
1031.07,1944.66940833329
1031.23,1923.79362708334
1031.39,1907.49918541667
1031.55,1952.31254791676
1031.71,1996.09199166664
1031.87,1979.52027499998
1032.03,1971.35063541664
1032.19,1906.7367875
1032.35,1947.85945208334
1032.51,1926.88572291663
1032.67,1959.68096875002
1032.83,1979.97463958332
1032.99,1985.2664375
1033.15,1928.53846875
1033.31,1923.04022708327
1033.47,1940.61073541668
1033.63,1969.32236875001
1033.79,1951.247025
1033.94,1915.65501319445
1034.1,1879.62121666667
1034.26,1934.58755208339
1034.42,1955.97454791667
1034.58,2009.67028541664
1034.74,1946.75979583333
1034.9,1925.00554791669
1035.06,1988.05335416661
1035.22,1922.52410625
1035.38,1940.30614583334
1035.54,1932.42920000002
1035.7,1978.89251666666
1035.86,1985.78809583333
1036.02,1949.8970625
1036.18,1943.87523124999
1036.34,1895.22314791668
1036.5,1905.92780833333
1036.66,1969.04039583336
1036.82,2049.47318333335
1036.98,2059.3286
1037.14,2059.3286
1037.3,2059.3286
1037.46,2059.3286
1037.61,2059.3286
