# ASTM G173-03 Reference Spectra Derived from SMARTS v. 2.9.2
# Wvlgth nm	Direct+circumsolar W*m-2*nm-1
280.0	2.5361E-26
280.5	1.0917E-24
281.0	6.1253E-24
281.5	2.7479E-22
282.0	2.8346E-21
282.5	1.3271E-20
283.0	6.7646E-20
283.5	1.4614E-19
284.0	4.9838E-18
284.5	2.1624E-17
285.0	8.9998E-17
285.5	6.4424E-16
286.0	2.3503E-15
286.5	1.8458E-14
287.0	7.2547E-14
287.5	3.6618E-13
288.0	2.8061E-12
288.5	9.0651E-12
289.0	3.4978E-11
289.5	1.5368E-10
290.0	5.1454E-10
290.5	1.3303E-09
291.0	3.8965E-09
291.5	1.4425E-08
292.0	4.0789E-08
292.5	7.0414E-08
293.0	1.5760E-07
293.5	4.7095E-07
294.0	9.4558E-07
294.5	1.5965E-06
295.0	3.2246E-06
295.5	8.0206E-06
296.0	1.4737E-05
296.5	2.3312E-05
297.0	3.3187E-05
297.5	6.7912E-05
298.0	1.1127E-04
298.5	1.4270E-04
299.0	2.0323E-04
299.5	3.7386E-04
300.0	4.5631E-04
300.5	5.7207E-04
301.0	9.1926E-04
301.5	1.3201E-03
302.0	1.4570E-03
302.5	2.1910E-03
303.0	3.7332E-03
303.5	4.8044E-03
304.0	5.0973E-03
304.5	6.4675E-03
305.0	8.9336E-03
305.5	1.0186E-02
306.0	1.0150E-02
306.5	1.1568E-02
307.0	1.5246E-02
307.5	1.9468E-02
308.0	2.0753E-02
308.5	2.2750E-02
309.0	2.2298E-02
309.5	2.3672E-02
310.0	2.7826E-02
310.5	3.5879E-02
311.0	4.5392E-02
311.5	4.6156E-02
312.0	5.0898E-02
312.5	5.3766E-02
313.0	5.8323E-02
313.5	5.8999E-02
314.0	6.5266E-02
314.5	7.0476E-02
315.0	7.3686E-02
315.5	6.4833E-02
316.0	6.7088E-02
316.5	8.1118E-02
317.0	9.3020E-02
317.5	9.9712E-02
318.0	9.5815E-02
318.5	1.0005E-01
319.0	1.0971E-01
319.5	1.0693E-01
320.0	1.1277E-01
320.5	1.3305E-01
321.0	1.3414E-01
321.5	1.2817E-01
322.0	1.2200E-01
322.5	1.1970E-01
323.0	1.1623E-01
323.5	1.3393E-01
324.0	1.4852E-01
324.5	1.5467E-01
325.0	1.5504E-01
325.5	1.7936E-01
326.0	2.0868E-01
326.5	2.2162E-01
327.0	2.1834E-01
327.5	2.1285E-01
328.0	1.9773E-01
328.5	2.0675E-01
329.0	2.3297E-01
329.5	2.5864E-01
330.0	2.6192E-01
330.5	2.4103E-01
331.0	2.2835E-01
331.5	2.3635E-01
332.0	2.4508E-01
332.5	2.4655E-01
333.0	2.4263E-01
333.5	2.3265E-01
334.0	2.3823E-01
334.5	2.5434E-01
335.0	2.6477E-01
335.5	2.5894E-01
336.0	2.3813E-01
336.5	2.2099E-01
337.0	2.1767E-01
337.5	2.3434E-01
338.0	2.5321E-01
338.5	2.6549E-01
339.0	2.7096E-01
339.5	2.7847E-01
340.0	2.9659E-01
340.5	2.9674E-01
341.0	2.7932E-01
341.5	2.7853E-01
342.0	2.9121E-01
342.5	3.0296E-01
343.0	3.0857E-01
343.5	2.9246E-01
344.0	2.5352E-01
344.5	2.4439E-01
345.0	2.7854E-01
345.5	2.9761E-01
346.0	2.9132E-01
346.5	2.9747E-01
347.0	3.0318E-01
347.5	2.9351E-01
348.0	2.9306E-01
348.5	2.9884E-01
349.0	2.8864E-01
349.5	2.9720E-01
350.0	3.2913E-01
350.5	3.5471E-01
351.0	3.4603E-01
351.5	3.3388E-01
352.0	3.2674E-01
352.5	3.0954E-01
353.0	3.2975E-01
353.5	3.6351E-01
354.0	3.8523E-01
354.5	3.9043E-01
355.0	3.9140E-01
355.5	3.7878E-01
356.0	3.5627E-01
356.5	3.3495E-01
357.0	2.9527E-01
357.5	2.9950E-01
358.0	2.7936E-01
358.5	2.5998E-01
359.0	3.0650E-01
359.5	3.7013E-01
360.0	3.9240E-01
360.5	3.7167E-01
361.0	3.4278E-01
361.5	3.3647E-01
362.0	3.5350E-01
362.5	3.8804E-01
363.0	4.0005E-01
363.5	3.8994E-01
364.0	4.0472E-01
364.5	4.0179E-01
365.0	4.1810E-01
365.5	4.6110E-01
366.0	4.9508E-01
366.5	4.9694E-01
367.0	4.8869E-01
367.5	4.8041E-01
368.0	4.5319E-01
368.5	4.5106E-01
369.0	4.7244E-01
369.5	5.0856E-01
370.0	5.1666E-01
370.5	4.6798E-01
371.0	4.7628E-01
371.5	4.9587E-01
372.0	4.6506E-01
372.5	4.4389E-01
373.0	4.2833E-01
373.5	3.8682E-01
374.0	3.8651E-01
374.5	3.8435E-01
375.0	4.1087E-01
375.5	4.5514E-01
376.0	4.7218E-01
376.5	4.6538E-01
377.0	5.0014E-01
377.5	5.5890E-01
378.0	6.0314E-01
378.5	5.8892E-01
379.0	5.2616E-01
379.5	4.7255E-01
380.0	4.9751E-01
380.5	5.3396E-01
381.0	5.4424E-01
381.5	4.9135E-01
382.0	4.1958E-01
382.5	3.6361E-01
383.0	3.2648E-01
383.5	3.1658E-01
384.0	3.6689E-01
384.5	4.4239E-01
385.0	4.8638E-01
385.5	4.6549E-01
386.0	4.4984E-01
386.5	4.6848E-01
387.0	4.7343E-01
387.5	4.6731E-01
388.0	4.6350E-01
388.5	4.6096E-01
389.0	5.0121E-01
389.5	5.5637E-01
390.0	5.8457E-01
390.5	5.9038E-01
391.0	6.2634E-01
391.5	6.3617E-01
392.0	5.8656E-01
392.5	4.8961E-01
393.0	3.5502E-01
393.5	2.8272E-01
394.0	3.6780E-01
394.5	5.0811E-01
395.0	6.0096E-01
395.5	6.4101E-01
396.0	5.6443E-01
396.5	4.1101E-01
397.0	3.1882E-01
397.5	4.7151E-01
398.0	6.3944E-01
398.5	7.5622E-01
399.0	8.0408E-01
399.5	8.2980E-01
400.0	8.3989E-01
401.0	8.7691E-01
402.0	9.1387E-01
403.0	8.8211E-01
404.0	8.9849E-01
405.0	8.7849E-01
406.0	8.5878E-01
407.0	8.4545E-01
408.0	8.8488E-01
409.0	9.4717E-01
410.0	8.0910E-01
411.0	9.0770E-01
412.0	9.6686E-01
413.0	9.2951E-01
414.0	9.2134E-01
415.0	9.5569E-01
416.0	9.8628E-01
417.0	9.6392E-01
418.0	9.2392E-01
419.0	9.6354E-01
420.0	8.8467E-01
421.0	1.0067E+00
422.0	9.9499E-01
423.0	9.6531E-01
424.0	9.6182E-01
425.0	9.9312E-01
426.0	9.6667E-01
427.0	9.3550E-01
428.0	9.4625E-01
429.0	8.7766E-01
430.0	7.0134E-01
431.0	6.3779E-01
432.0	1.0628E+00
433.0	9.9050E-01
434.0	9.1653E-01
435.0	1.0070E+00
436.0	1.1061E+00
437.0	1.1306E+00
438.0	9.9368E-01
439.0	9.5753E-01
440.0	1.0993E+00
441.0	1.0859E+00
442.0	1.1640E+00
443.0	1.1823E+00
444.0	1.1537E+00
445.0	1.1992E+00
446.0	1.0766E+00
447.0	1.2257E+00
448.0	1.2422E+00
449.0	1.2409E+00
450.0	1.2881E+00
451.0	1.3376E+00
452.0	1.2822E+00
453.0	1.1854E+00
454.0	1.2730E+00
455.0	1.2655E+00
456.0	1.3088E+00
457.0	1.3213E+00
458.0	1.2946E+00
459.0	1.2859E+00
460.0	1.2791E+00
461.0	1.3255E+00
462.0	1.3392E+00
463.0	1.3452E+00
464.0	1.3055E+00
465.0	1.2905E+00
466.0	1.3190E+00
467.0	1.2616E+00
468.0	1.3178E+00
469.0	1.3247E+00
470.0	1.2749E+00
471.0	1.2975E+00
472.0	1.3661E+00
473.0	1.3144E+00
474.0	1.3304E+00
475.0	1.3755E+00
476.0	1.3299E+00
477.0	1.3392E+00
478.0	1.3839E+00
479.0	1.3586E+00
480.0	1.3825E+00
481.0	1.3836E+00
482.0	1.3899E+00
483.0	1.3742E+00
484.0	1.3492E+00
485.0	1.3457E+00
486.0	1.0918E+00
487.0	1.2235E+00
488.0	1.3252E+00
489.0	1.2492E+00
490.0	1.3968E+00
491.0	1.3435E+00
492.0	1.2818E+00
493.0	1.3719E+00
494.0	1.3402E+00
495.0	1.4238E+00
496.0	1.3548E+00
497.0	1.3788E+00
498.0	1.3421E+00
499.0	1.3429E+00
500.0	1.3391E+00
501.0	1.2990E+00
502.0	1.2991E+00
503.0	1.3597E+00
504.0	1.2682E+00
505.0	1.3598E+00
506.0	1.4153E+00
507.0	1.3548E+00
508.0	1.3210E+00
509.0	1.3850E+00
510.0	1.3497E+00
511.0	1.3753E+00
512.0	1.4125E+00
513.0	1.3277E+00
514.0	1.3003E+00
515.0	1.3385E+00
516.0	1.3514E+00
517.0	1.1017E+00
518.0	1.2605E+00
519.0	1.2222E+00
520.0	1.3349E+00
521.0	1.3452E+00
522.0	1.3760E+00
523.0	1.2976E+00
524.0	1.3962E+00
525.0	1.3859E+00
526.0	1.3479E+00
527.0	1.1795E+00
528.0	1.3508E+00
529.0	1.4142E+00
530.0	1.3598E+00
531.0	1.4348E+00
532.0	1.4094E+00
533.0	1.2590E+00
534.0	1.3491E+00
535.0	1.3701E+00
536.0	1.4292E+00
537.0	1.3229E+00
538.0	1.3896E+00
539.0	1.3558E+00
540.0	1.3096E+00
541.0	1.2595E+00
542.0	1.3714E+00
543.0	1.3493E+00
544.0	1.3971E+00
545.0	1.3657E+00
546.0	1.3536E+00
547.0	1.3717E+00
548.0	1.3331E+00
549.0	1.3752E+00
550.0	1.3648E+00
551.0	1.3639E+00
552.0	1.3923E+00
553.0	1.3533E+00
554.0	1.3802E+00
555.0	1.3883E+00
556.0	1.3651E+00
557.0	1.3321E+00
558.0	1.3613E+00
559.0	1.2885E+00
560.0	1.3118E+00
561.0	1.3885E+00
562.0	1.3225E+00
563.0	1.3731E+00
564.0	1.3466E+00
565.0	1.3555E+00
566.0	1.2823E+00
567.0	1.3673E+00
568.0	1.3554E+00
569.0	1.3228E+00
570.0	1.3240E+00
571.0	1.2810E+00
572.0	1.3534E+00
573.0	1.3595E+00
574.0	1.3527E+00
575.0	1.3225E+00
576.0	1.3118E+00
577.0	1.3452E+00
578.0	1.3040E+00
579.0	1.3230E+00
580.0	1.3455E+00
581.0	1.3518E+00
582.0	1.3729E+00
583.0	1.3872E+00
584.0	1.3845E+00
585.0	1.3737E+00
586.0	1.3409E+00
587.0	1.3708E+00
588.0	1.3403E+00
589.0	1.1582E+00
590.0	1.2316E+00
591.0	1.3171E+00
592.0	1.2900E+00
593.0	1.3086E+00
594.0	1.3029E+00
595.0	1.2870E+00
596.0	1.3260E+00
597.0	1.3303E+00
598.0	1.3142E+00
599.0	1.3145E+00
600.0	1.3278E+00
601.0	1.3123E+00
602.0	1.2928E+00
603.0	1.3205E+00
604.0	1.3439E+00
605.0	1.3418E+00
606.0	1.3353E+00
607.0	1.3434E+00
608.0	1.3392E+00
609.0	1.3292E+00
610.0	1.3237E+00
611.0	1.3170E+00
612.0	1.3370E+00
613.0	1.3182E+00
614.0	1.2783E+00
615.0	1.3254E+00
616.0	1.2906E+00
617.0	1.2744E+00
618.0	1.3228E+00
619.0	1.3292E+00
620.0	1.3299E+00
621.0	1.3359E+00
622.0	1.2882E+00
623.0	1.2793E+00
624.0	1.2751E+00
625.0	1.2667E+00
626.0	1.2655E+00
627.0	1.3022E+00
628.0	1.2328E+00
629.0	1.2758E+00
630.0	1.2589E+00
631.0	1.2799E+00
632.0	1.2327E+00
633.0	1.3110E+00
634.0	1.2907E+00
635.0	1.3065E+00
636.0	1.2768E+00
637.0	1.3204E+00
638.0	1.3292E+00
639.0	1.3238E+00
640.0	1.2962E+00
641.0	1.2970E+00
642.0	1.2995E+00
643.0	1.3130E+00
644.0	1.3074E+00
645.0	1.3170E+00
646.0	1.2797E+00
647.0	1.2744E+00
648.0	1.2625E+00
649.0	1.2234E+00
650.0	1.2299E+00
651.0	1.3071E+00
652.0	1.2558E+00
653.0	1.2950E+00
654.0	1.2807E+00
655.0	1.2220E+00
656.0	1.0727E+00
657.0	1.1218E+00
658.0	1.2540E+00
659.0	1.2586E+00
660.0	1.2668E+00
661.0	1.2618E+00
662.0	1.2518E+00
663.0	1.2539E+00
664.0	1.2647E+00
665.0	1.2871E+00
666.0	1.2860E+00
667.0	1.2767E+00
668.0	1.2810E+00
669.0	1.3032E+00
670.0	1.2853E+00
671.0	1.2829E+00
672.0	1.2651E+00
673.0	1.2760E+00
674.0	1.2742E+00
675.0	1.2639E+00
676.0	1.2786E+00
677.0	1.2669E+00
678.0	1.2737E+00
679.0	1.2629E+00
680.0	1.2650E+00
681.0	1.2601E+00
682.0	1.2662E+00
683.0	1.2526E+00
684.0	1.2445E+00
685.0	1.2454E+00
686.0	1.2174E+00
687.0	8.8285E-01
688.0	1.0195E+00
689.0	1.0260E+00
690.0	1.0746E+00
691.0	1.1201E+00
692.0	1.1516E+00
693.0	1.1446E+00
694.0	1.1318E+00
695.0	1.1538E+00
696.0	1.1513E+00
697.0	1.2151E+00
698.0	1.1961E+00
699.0	1.1721E+00
700.0	1.1636E+00
701.0	1.1489E+00
702.0	1.1500E+00
703.0	1.1567E+00
704.0	1.1864E+00
705.0	1.1989E+00
706.0	1.1925E+00
707.0	1.1875E+00
708.0	1.1839E+00
709.0	1.1880E+00
710.0	1.1954E+00
711.0	1.1934E+00
712.0	1.1856E+00
713.0	1.1719E+00
714.0	1.1823E+00
715.0	1.1428E+00
716.0	1.1548E+00
717.0	1.0081E+00
718.0	9.3873E-01
719.0	8.4274E-01
720.0	8.9940E-01
721.0	9.8967E-01
722.0	1.1281E+00
723.0	1.0423E+00
724.0	9.6305E-01
725.0	9.4741E-01
726.0	9.8638E-01
727.0	9.8988E-01
728.0	9.4968E-01
729.0	9.5503E-01
730.0	1.0294E+00
731.0	9.7702E-01
732.0	1.0520E+00
733.0	1.0901E+00
734.0	1.1261E+00
735.0	1.1101E+00
736.0	1.0994E+00
737.0	1.0978E+00
738.0	1.1184E+00
739.0	1.0855E+00
740.0	1.1119E+00
741.0	1.1078E+00
742.0	1.1084E+00
743.0	1.1316E+00
744.0	1.1408E+00
745.0	1.1404E+00
746.0	1.1381E+00
747.0	1.1389E+00
748.0	1.1323E+00
749.0	1.1286E+00
750.0	1.1273E+00
751.0	1.1224E+00
752.0	1.1265E+00
753.0	1.1210E+00
754.0	1.1353E+00
755.0	1.1321E+00
756.0	1.1185E+00
757.0	1.1176E+00
758.0	1.1246E+00
759.0	1.0932E+00
760.0	2.4716E-01
761.0	1.4328E-01
762.0	6.3491E-01
763.0	3.5217E-01
764.0	4.9885E-01
765.0	6.3377E-01
766.0	7.5080E-01
767.0	8.9574E-01
768.0	1.0222E+00
769.0	1.0347E+00
770.0	1.0646E+00
771.0	1.0716E+00
772.0	1.0802E+00
773.0	1.0797E+00
774.0	1.0800E+00
775.0	1.0801E+00
776.0	1.0827E+00
777.0	1.0764E+00
778.0	1.0754E+00
779.0	1.0803E+00
780.0	1.0687E+00
781.0	1.0662E+00
782.0	1.0714E+00
783.0	1.0672E+00
784.0	1.0602E+00
785.0	1.0649E+00
786.0	1.0656E+00
787.0	1.0530E+00
788.0	1.0399E+00
789.0	1.0359E+00
790.0	1.0045E+00
791.0	1.0179E+00
792.0	1.0084E+00
793.0	1.0015E+00
794.0	1.0101E+00
795.0	1.0066E+00
796.0	9.8985E-01
797.0	1.0057E+00
798.0	1.0245E+00
799.0	1.0048E+00
800.0	9.8859E-01
801.0	9.9978E-01
802.0	1.0011E+00
803.0	9.8288E-01
804.0	9.9452E-01
805.0	9.7270E-01
806.0	1.0122E+00
807.0	1.0018E+00
808.0	9.9844E-01
809.0	9.7353E-01
810.0	9.7488E-01
811.0	9.7273E-01
812.0	9.4882E-01
813.0	9.3236E-01
814.0	8.3681E-01
815.0	8.2927E-01
816.0	7.7171E-01
817.0	7.8984E-01
818.0	7.6299E-01
819.0	8.3844E-01
820.0	7.9899E-01
821.0	9.2292E-01
822.0	8.8081E-01
823.0	6.2576E-01
824.0	8.6619E-01
825.0	8.9752E-01
826.0	8.6530E-01
827.0	9.1178E-01
828.0	7.8870E-01
829.0	8.6135E-01
830.0	8.4930E-01
831.0	8.5666E-01
832.0	8.2961E-01
833.0	8.8622E-01
834.0	8.6608E-01
835.0	9.2917E-01
836.0	9.0135E-01
837.0	9.3493E-01
838.0	9.2585E-01
839.0	9.2783E-01
840.0	9.4124E-01
841.0	9.3626E-01
842.0	9.2411E-01
843.0	9.3171E-01
844.0	9.1434E-01
845.0	9.4226E-01
846.0	9.4447E-01
847.0	9.1947E-01
848.0	9.2010E-01
849.0	9.1447E-01
850.0	8.2900E-01
851.0	9.0454E-01
852.0	8.9942E-01
853.0	8.9540E-01
854.0	7.9000E-01
855.0	8.4746E-01
856.0	9.0343E-01
857.0	9.2059E-01
858.0	9.2094E-01
859.0	9.2081E-01
860.0	9.1764E-01
861.0	9.1648E-01
862.0	9.2367E-01
863.0	9.2934E-01
864.0	9.0956E-01
865.0	8.9487E-01
866.0	7.8882E-01
867.0	8.5066E-01
868.0	8.9140E-01
869.0	8.8252E-01
870.0	8.9933E-01
871.0	8.8671E-01
872.0	8.9887E-01
873.0	8.8999E-01
874.0	8.7451E-01
875.0	8.6204E-01
876.0	8.8625E-01
877.0	8.8948E-01
878.0	8.8607E-01
879.0	8.7144E-01
880.0	8.7434E-01
881.0	8.4563E-01
882.0	8.6787E-01
883.0	8.6494E-01
884.0	8.6859E-01
885.0	8.7913E-01
886.0	8.4515E-01
887.0	8.4799E-01
888.0	8.5899E-01
889.0	8.7041E-01
890.0	8.6078E-01
891.0	8.6255E-01
892.0	8.4688E-01
893.0	8.1412E-01
894.0	7.9413E-01
895.0	7.5956E-01
896.0	7.1265E-01
897.0	6.2310E-01
898.0	6.7137E-01
899.0	5.1461E-01
900.0	6.9429E-01
901.0	5.6162E-01
902.0	6.2500E-01
903.0	6.4483E-01
904.0	7.8862E-01
905.0	7.6337E-01
906.0	7.2502E-01
907.0	5.9833E-01
908.0	6.1091E-01
909.0	6.5912E-01
910.0	5.8553E-01
911.0	6.2580E-01
912.0	6.4508E-01
913.0	5.8906E-01
914.0	5.8740E-01
915.0	6.3550E-01
916.0	5.4099E-01
917.0	6.8350E-01
918.0	5.5612E-01
919.0	6.9161E-01
920.0	6.9657E-01
921.0	7.3004E-01
922.0	6.5584E-01
923.0	6.9698E-01
924.0	6.7571E-01
925.0	6.6621E-01
926.0	6.5875E-01
927.0	7.3684E-01
928.0	5.5363E-01
929.0	5.1792E-01
930.0	4.0679E-01
931.0	3.8540E-01
932.0	2.8386E-01
933.0	2.3459E-01
934.0	1.3604E-01
935.0	2.3690E-01
936.0	1.5267E-01
937.0	1.5453E-01
938.0	1.8962E-01
939.0	3.7591E-01
940.0	4.4411E-01
941.0	3.5071E-01
942.0	3.8192E-01
943.0	2.6289E-01
944.0	2.6987E-01
945.0	3.4729E-01
946.0	1.8409E-01
947.0	3.5010E-01
948.0	2.5911E-01
949.0	4.6514E-01
950.0	1.3944E-01
951.0	4.5563E-01
952.0	2.5418E-01
953.0	3.2442E-01
954.0	3.9988E-01
955.0	3.2204E-01
956.0	3.0996E-01
957.0	2.5591E-01
958.0	4.3453E-01
959.0	3.5294E-01
960.0	3.9685E-01
961.0	4.3481E-01
962.0	4.1664E-01
963.0	4.7585E-01
964.0	4.3242E-01
965.0	4.7469E-01
966.0	4.7377E-01
967.0	4.7353E-01
968.0	6.1301E-01
969.0	6.4480E-01
970.0	5.9689E-01
971.0	6.7059E-01
972.0	6.4629E-01
973.0	5.7081E-01
974.0	5.4170E-01
975.0	5.5536E-01
976.0	5.3872E-01
977.0	6.0084E-01
978.0	5.7903E-01
979.0	6.0046E-01
980.0	5.6941E-01
981.0	6.7058E-01
982.0	6.5102E-01
983.0	6.2915E-01
984.0	6.9290E-01
985.0	6.4734E-01
986.0	7.0553E-01
987.0	6.9489E-01
988.0	6.9059E-01
989.0	7.0391E-01
990.0	6.8843E-01
991.0	7.0833E-01
992.0	7.0597E-01
993.0	6.9325E-01
994.0	7.0891E-01
995.0	7.0673E-01
996.0	7.0409E-01
997.0	6.9555E-01
998.0	6.9481E-01
999.0	6.9455E-01
1000.0	6.9159E-01
1001.0	7.0013E-01
1002.0	6.8498E-01
1003.0	6.9086E-01
1004.0	6.8056E-01
1005.0	6.4140E-01
1006.0	6.7047E-01
1007.0	6.8463E-01
1008.0	6.8407E-01
1009.0	6.7742E-01
1010.0	6.7695E-01
1011.0	6.8034E-01
1012.0	6.7667E-01
1013.0	6.7556E-01
1014.0	6.7848E-01
1015.0	6.6676E-01
1016.0	6.6976E-01
1017.0	6.6237E-01
1018.0	6.7263E-01
1019.0	6.4880E-01
1020.0	6.5839E-01
1021.0	6.6107E-01
1022.0	6.4980E-01
1023.0	6.5490E-01
1024.0	6.5077E-01
1025.0	6.5727E-01
1026.0	6.5625E-01
1027.0	6.5318E-01
1028.0	6.5398E-01
1029.0	6.4687E-01
1030.0	6.5092E-01
1031.0	6.4799E-01
1032.0	6.4852E-01
1033.0	6.3751E-01
1034.0	6.4136E-01
1035.0	6.4348E-01
1036.0	6.4323E-01
1037.0	6.3664E-01
1038.0	6.3361E-01
1039.0	6.3802E-01
1040.0	6.3366E-01
1041.0	6.3379E-01
1042.0	6.3406E-01
1043.0	6.2773E-01
1044.0	6.3067E-01
1045.0	6.2712E-01
1046.0	6.1078E-01
1047.0	6.2008E-01
1048.0	6.2559E-01
1049.0	6.2206E-01
1050.0	6.1802E-01
1051.0	6.1862E-01
1052.0	6.1487E-01
1053.0	6.1302E-01
1054.0	6.1048E-01
1055.0	6.1242E-01
1056.0	6.1055E-01
1057.0	6.0910E-01
1058.0	6.0286E-01
1059.0	5.8453E-01
1060.0	6.0073E-01
1061.0	5.8694E-01
1062.0	5.9782E-01
1063.0	5.8815E-01
1064.0	5.9722E-01
1065.0	5.9461E-01
1066.0	5.8330E-01
1067.0	5.8637E-01
1068.0	5.8561E-01
1069.0	5.5428E-01
1070.0	5.7178E-01
1071.0	5.8304E-01
1072.0	5.8194E-01
1073.0	5.7086E-01
1074.0	5.8780E-01
1075.0	5.6054E-01
1076.0	5.8141E-01
1077.0	5.7175E-01
1078.0	5.7076E-01
1079.0	5.7210E-01
1080.0	5.6519E-01
1081.0	5.4973E-01
1082.0	5.5773E-01
1083.0	5.6603E-01
1084.0	5.4775E-01
1085.0	5.6163E-01
1086.0	5.2496E-01
1087.0	5.3685E-01
1088.0	5.6159E-01
1089.0	5.4856E-01
1090.0	5.2656E-01
1091.0	5.5722E-01
1092.0	5.5048E-01
1093.0	4.8417E-01
1094.0	5.1120E-01
1095.0	4.9363E-01
1096.0	4.7731E-01
1097.0	5.4805E-01
1098.0	4.7709E-01
1099.0	4.8161E-01
1100.0	4.6113E-01
1101.0	4.7169E-01
1102.0	4.4513E-01
1103.0	4.4291E-01
1104.0	4.4412E-01
1105.0	4.8065E-01
1106.0	3.7840E-01
1107.0	4.5866E-01
1108.0	3.9517E-01
1109.0	3.9249E-01
1110.0	4.5496E-01
1111.0	3.1572E-01
1112.0	3.9330E-01
1113.0	2.5599E-01
1114.0	2.8576E-01
1115.0	2.3833E-01
1116.0	1.9223E-01
1117.0	7.6164E-02
1118.0	2.0763E-01
1119.0	1.0821E-01
1120.0	1.3562E-01
1121.0	1.7753E-01
1122.0	7.8159E-02
1123.0	1.2255E-01
1124.0	1.0397E-01
1125.0	1.3794E-01
1126.0	4.9394E-02
1127.0	1.5032E-01
1128.0	9.4946E-02
1129.0	1.0133E-01
1130.0	6.7568E-02
1131.0	2.8201E-01
1132.0	2.2359E-01
1133.0	1.4661E-01
1134.0	3.9988E-02
1135.0	1.4819E-02
1136.0	1.2320E-01
1137.0	2.7472E-01
1138.0	1.9428E-01
1139.0	2.8484E-01
1140.0	2.4447E-01
1141.0	1.8486E-01
1142.0	2.1481E-01
1143.0	2.9758E-01
1144.0	1.0843E-01
1145.0	1.3976E-01
1146.0	1.5085E-01
1147.0	5.6715E-02
1148.0	2.5898E-01
1149.0	2.0894E-01
1150.0	1.1648E-01
1151.0	1.9453E-01
1152.0	2.3666E-01
1153.0	2.2762E-01
1154.0	1.3643E-01
1155.0	2.9903E-01
1156.0	2.6837E-01
1157.0	3.0040E-01
1158.0	2.9770E-01
1159.0	3.2163E-01
1160.0	2.7371E-01
1161.0	3.3167E-01
1162.0	3.3412E-01
1163.0	4.4644E-01
1164.0	3.8332E-01
1165.0	3.7080E-01
1166.0	3.5781E-01
1167.0	3.9105E-01
1168.0	4.0018E-01
1169.0	4.0348E-01
1170.0	4.3731E-01
1171.0	4.2750E-01
1172.0	4.3370E-01
1173.0	4.3522E-01
1174.0	3.2193E-01
1175.0	4.3142E-01
1176.0	4.5447E-01
1177.0	4.5040E-01
1178.0	3.4391E-01
1179.0	4.6114E-01
1180.0	4.2052E-01
1181.0	4.3423E-01
1182.0	3.0903E-01
1183.0	4.1853E-01
1184.0	4.0083E-01
1185.0	3.8908E-01
1186.0	4.5518E-01
1187.0	4.3494E-01
1188.0	3.2039E-01
1189.0	3.9685E-01
1190.0	4.4124E-01
1191.0	4.2638E-01
1192.0	4.5171E-01
1193.0	4.3370E-01
1194.0	4.4751E-01
1195.0	4.2671E-01
1196.0	4.1188E-01
1197.0	4.5527E-01
1198.0	4.1426E-01
1199.0	3.4869E-01
1200.0	4.2789E-01
1201.0	4.1735E-01
1202.0	4.1743E-01
1203.0	4.1441E-01
1204.0	3.4645E-01
1205.0	4.1714E-01
1206.0	4.5872E-01
1207.0	4.1044E-01
1208.0	4.1379E-01
1209.0	3.9548E-01
1210.0	4.3267E-01
1211.0	4.0319E-01
1212.0	4.0572E-01
1213.0	4.4804E-01
1214.0	4.1443E-01
1215.0	4.0851E-01
1216.0	4.4509E-01
1217.0	4.3457E-01
1218.0	4.3842E-01
1219.0	4.2639E-01
1220.0	4.3724E-01
1221.0	4.4413E-01
1222.0	4.3096E-01
1223.0	4.2400E-01
1224.0	4.2788E-01
1225.0	4.4141E-01
1226.0	4.4696E-01
1227.0	4.1360E-01
1228.0	4.4544E-01
1229.0	4.4608E-01
1230.0	4.3928E-01
1231.0	4.5067E-01
1232.0	4.4525E-01
1233.0	4.3359E-01
1234.0	4.4893E-01
1235.0	4.4409E-01
1236.0	4.4795E-01
1237.0	4.4259E-01
1238.0	4.4694E-01
1239.0	4.4194E-01
1240.0	4.4011E-01
1241.0	4.4130E-01
1242.0	4.4179E-01
1243.0	4.3712E-01
1244.0	4.3499E-01
1245.0	4.3622E-01
1246.0	4.3902E-01
1247.0	4.3715E-01
1248.0	4.3828E-01
1249.0	4.3930E-01
1250.0	4.3684E-01
1251.0	4.3260E-01
1252.0	4.3106E-01
1253.0	4.2803E-01
1254.0	4.2416E-01
1255.0	4.3088E-01
1256.0	4.2096E-01
1257.0	4.1630E-01
1258.0	4.2549E-01
1259.0	4.0868E-01
1260.0	4.1235E-01
1261.0	3.9371E-01
1262.0	3.7867E-01
1263.0	3.8300E-01
1264.0	3.5568E-01
1265.0	3.7871E-01
1266.0	3.6881E-01
1267.0	3.7159E-01
1268.0	3.5475E-01
1269.0	2.3656E-01
1270.0	3.7087E-01
1271.0	3.9062E-01
1272.0	3.9114E-01
1273.0	3.8874E-01
1274.0	3.8864E-01
1275.0	3.9455E-01
1276.0	3.9895E-01
1277.0	4.0191E-01
1278.0	4.0916E-01
1279.0	4.0626E-01
1280.0	4.0387E-01
1281.0	3.9554E-01
1282.0	3.5695E-01
1283.0	3.8978E-01
1284.0	4.0268E-01
1285.0	4.0577E-01
1286.0	4.0878E-01
1287.0	4.0405E-01
1288.0	4.0192E-01
1289.0	3.9194E-01
1290.0	3.9522E-01
1291.0	4.0004E-01
1292.0	3.7946E-01
1293.0	3.9506E-01
1294.0	3.8709E-01
1295.0	3.8801E-01
1296.0	3.7322E-01
1297.0	3.5583E-01
1298.0	3.7536E-01
1299.0	3.9127E-01
1300.0	3.3855E-01
1301.0	3.4728E-01
1302.0	3.7539E-01
1303.0	3.3197E-01
1304.0	2.8849E-01
1305.0	3.6783E-01
1306.0	3.6853E-01
1307.0	2.9362E-01
1308.0	3.3277E-01
1309.0	3.6822E-01
1310.0	2.8908E-01
1311.0	3.2012E-01
1312.0	3.1986E-01
1313.0	3.0089E-01
1314.0	2.7690E-01
1315.0	2.7447E-01
1316.0	3.1113E-01
1317.0	2.9969E-01
1318.0	3.1984E-01
1319.0	2.5803E-01
1320.0	2.4864E-01
1321.0	2.8684E-01
1322.0	2.9023E-01
1323.0	2.2386E-01
1324.0	2.5231E-01
1325.0	3.0943E-01
1326.0	2.6956E-01
1327.0	2.5593E-01
1328.0	2.2555E-01
1329.0	1.7097E-01
1330.0	2.2052E-01
1331.0	1.3951E-01
1332.0	1.4046E-01
1333.0	1.9545E-01
1334.0	1.6302E-01
1335.0	2.2244E-01
1336.0	1.7670E-01
1337.0	1.5852E-01
1338.0	1.7151E-01
1339.0	1.7033E-01
1340.0	1.6216E-01
1341.0	1.6419E-01
1342.0	1.7149E-01
1343.0	1.2259E-01
1344.0	7.3018E-02
1345.0	1.0521E-01
1346.0	5.6189E-02
1347.0	5.8058E-02
1348.0	4.5862E-03
1349.0	1.5617E-02
1350.0	1.5488E-02
1351.0	4.4759E-03
1352.0	1.4661E-03
1353.0	9.2918E-05
1354.0	2.8051E-04
1355.0	3.4847E-06
1356.0	4.6489E-05
1357.0	6.9429E-05
1358.0	4.0575E-06
1359.0	7.1040E-07
1360.0	2.0706E-06
1361.0	4.6566E-09
1362.0	1.7489E-11
1363.0	3.0540E-06
1364.0	1.3150E-06
1365.0	8.7833E-12
1366.0	1.2379E-05
1367.0	4.8161E-06
1368.0	1.4311E-13
1369.0	5.0008E-07
1370.0	2.8266E-07
1371.0	1.9101E-08
1372.0	2.6623E-06
1373.0	4.2991E-05
1374.0	1.7350E-04
1375.0	3.1309E-04
1376.0	2.4935E-04
1377.0	1.1883E-04
1378.0	1.0741E-03
1379.0	5.0533E-05
1380.0	7.9042E-05
1381.0	2.2978E-06
1382.0	2.4874E-06
1383.0	4.2653E-08
1384.0	5.9782E-07
1385.0	2.0255E-06
1386.0	2.4441E-06
1387.0	1.9288E-04
1388.0	3.9037E-06
1389.0	5.6338E-04
1390.0	4.7836E-04
1391.0	3.3345E-04
1392.0	2.3065E-05
1393.0	1.1238E-04
1394.0	7.3268E-05
1395.0	6.5137E-07
1396.0	6.1338E-09
1397.0	4.7605E-05
1398.0	1.2329E-03
1399.0	7.8835E-04
1400.0	3.1513E-09
1401.0	1.0219E-08
1402.0	1.7817E-03
1403.0	2.3108E-03
1404.0	7.1755E-04
1405.0	3.5395E-07
1406.0	1.9861E-03
1407.0	1.6957E-04
1408.0	1.6023E-03
1409.0	6.0159E-04
1410.0	4.5332E-04
1411.0	2.0544E-03
1412.0	2.5650E-03
1413.0	2.2690E-02
1414.0	3.5359E-04
1415.0	1.7854E-04
1416.0	3.4561E-02
1417.0	1.1431E-02
1418.0	1.3182E-02
1419.0	2.0851E-03
1420.0	8.0437E-03
1421.0	8.9117E-03
1422.0	4.5023E-02
1423.0	8.9676E-03
1424.0	1.6511E-02
1425.0	2.5142E-02
1426.0	2.7032E-02
1427.0	4.8180E-02
1428.0	4.4360E-03
1429.0	3.6985E-02
1430.0	5.9912E-02
1431.0	4.8792E-02
1432.0	2.4524E-03
1433.0	3.4870E-02
1434.0	2.0403E-02
1435.0	2.0847E-02
1436.0	3.7326E-02
1437.0	2.9085E-02
1438.0	1.2913E-02
1439.0	4.9672E-02
1440.0	3.8547E-02
1441.0	3.0959E-02
1442.0	3.5356E-02
1443.0	4.3868E-02
1444.0	6.0143E-02
1445.0	4.8434E-02
1446.0	2.2492E-02
1447.0	3.5265E-02
1448.0	1.1254E-01
1449.0	9.9374E-02
1450.0	2.6699E-02
1451.0	1.0980E-02
1452.0	6.0718E-02
1453.0	7.9803E-02
1454.0	1.3384E-01
1455.0	6.4409E-02
1456.0	8.6158E-02
1457.0	1.1386E-01
1458.0	1.3273E-01
1459.0	1.5860E-01
1460.0	8.3161E-02
1461.0	8.7886E-02
1462.0	1.2708E-01
1463.0	4.2106E-02
1464.0	1.4770E-01
1465.0	9.0911E-02
1466.0	6.3498E-02
1467.0	3.5128E-02
1468.0	7.4928E-02
1469.0	9.2344E-02
1470.0	4.8397E-02
1471.0	1.7394E-02
1472.0	4.5566E-02
1473.0	6.8368E-02
1474.0	9.4765E-02
1475.0	1.7954E-01
1476.0	6.6987E-02
1477.0	6.7916E-02
1478.0	6.1825E-02
1479.0	1.1680E-01
1480.0	5.9063E-02
1481.0	1.1221E-01
1482.0	5.6967E-02
1483.0	1.4454E-01
1484.0	1.3375E-01
1485.0	1.2168E-01
1486.0	1.2008E-01
1487.0	5.9042E-02
1488.0	9.1654E-02
1489.0	1.8443E-01
1490.0	1.6993E-01
1491.0	1.9222E-01
1492.0	1.5986E-01
1493.0	1.7651E-01
1494.0	1.9794E-01
1495.0	1.7745E-01
1496.0	1.6385E-01
1497.0	2.2198E-01
1498.0	1.8437E-01
1499.0	2.1141E-01
1500.0	2.4339E-01
1501.0	2.5782E-01
1502.0	2.2688E-01
1503.0	1.7972E-01
1504.0	1.5586E-01
1505.0	1.7885E-01
1506.0	2.5026E-01
1507.0	2.4779E-01
1508.0	2.3606E-01
1509.0	1.8169E-01
1510.0	2.6269E-01
1511.0	2.5710E-01
1512.0	2.5315E-01
1513.0	2.3544E-01
1514.0	2.1930E-01
1515.0	2.5804E-01
1516.0	2.4943E-01
1517.0	2.4214E-01
1518.0	2.4489E-01
1519.0	2.3739E-01
1520.0	2.5688E-01
1521.0	2.6707E-01
1522.0	2.5617E-01
1523.0	2.7192E-01
1524.0	2.6743E-01
1525.0	2.5140E-01
1526.0	2.5977E-01
1527.0	2.5468E-01
1528.0	2.7122E-01
1529.0	2.6460E-01
1530.0	2.4789E-01
1531.0	2.6200E-01
1532.0	2.7039E-01
1533.0	2.6918E-01
1534.0	2.6122E-01
1535.0	2.5924E-01
1536.0	2.6679E-01
1537.0	2.6558E-01
1538.0	2.6427E-01
1539.0	2.6519E-01
1540.0	2.5737E-01
1541.0	2.6141E-01
1542.0	2.6165E-01
1543.0	2.6439E-01
1544.0	2.6443E-01
1545.0	2.6922E-01
1546.0	2.6705E-01
1547.0	2.6537E-01
1548.0	2.5920E-01
1549.0	2.6568E-01
1550.0	2.6226E-01
1551.0	2.6293E-01
1552.0	2.6415E-01
1553.0	2.6366E-01
1554.0	2.5727E-01
1555.0	2.6005E-01
1556.0	2.5569E-01
1557.0	2.6301E-01
1558.0	2.6093E-01
1559.0	2.6054E-01
1560.0	2.5821E-01
1561.0	2.6242E-01
1562.0	2.6003E-01
1563.0	2.5917E-01
1564.0	2.5525E-01
1565.0	2.5975E-01
1566.0	2.5506E-01
1567.0	2.5566E-01
1568.0	2.4997E-01
1569.0	2.4736E-01
1570.0	2.3497E-01
1571.0	2.2850E-01
1572.0	2.3108E-01
1573.0	2.2750E-01
1574.0	2.3464E-01
1575.0	2.3294E-01
1576.0	2.3980E-01
1577.0	2.0994E-01
1578.0	2.2854E-01
1579.0	2.3005E-01
1580.0	2.3772E-01
1581.0	2.4165E-01
1582.0	2.3508E-01
1583.0	2.4051E-01
1584.0	2.4194E-01
1585.0	2.5135E-01
1586.0	2.4838E-01
1587.0	2.4579E-01
1588.0	2.4388E-01
1589.0	2.2567E-01
1590.0	2.3486E-01
1591.0	2.3503E-01
1592.0	2.4502E-01
1593.0	2.5092E-01
1594.0	2.4890E-01
1595.0	2.5083E-01
1596.0	2.3751E-01
1597.0	2.3985E-01
1598.0	2.4693E-01
1599.0	2.3511E-01
1600.0	2.3133E-01
1601.0	2.1691E-01
1602.0	2.1780E-01
1603.0	2.1765E-01
1604.0	2.2197E-01
1605.0	2.3010E-01
1606.0	2.3453E-01
1607.0	2.2637E-01
1608.0	2.2343E-01
1609.0	2.2088E-01
1610.0	2.1146E-01
1611.0	2.2039E-01
1612.0	2.2422E-01
1613.0	2.3047E-01
1614.0	2.3162E-01
1615.0	2.3420E-01
1616.0	2.2395E-01
1617.0	2.2798E-01
1618.0	2.3660E-01
1619.0	2.3415E-01
1620.0	2.2783E-01
1621.0	2.2765E-01
1622.0	2.3081E-01
1623.0	2.3559E-01
1624.0	2.3582E-01
1625.0	2.3109E-01
1626.0	2.3294E-01
1627.0	2.3398E-01
1628.0	2.3446E-01
1629.0	2.3456E-01
1630.0	2.2984E-01
1631.0	2.3136E-01
1632.0	2.3151E-01
1633.0	2.2614E-01
1634.0	2.2628E-01
1635.0	2.2712E-01
1636.0	2.2879E-01
1637.0	2.2064E-01
1638.0	2.1393E-01
1639.0	2.1410E-01
1640.0	2.0913E-01
1641.0	2.1348E-01
1642.0	2.1467E-01
1643.0	2.0939E-01
1644.0	2.1733E-01
1645.0	2.1216E-01
1646.0	2.1147E-01
1647.0	2.2135E-01
1648.0	2.1057E-01
1649.0	2.1261E-01
1650.0	2.1902E-01
1651.0	2.0281E-01
1652.0	2.1754E-01
1653.0	2.1661E-01
1654.0	2.0991E-01
1655.0	2.1619E-01
1656.0	2.1494E-01
1657.0	2.1613E-01
1658.0	2.1870E-01
1659.0	2.1514E-01
1660.0	2.1721E-01
1661.0	2.1774E-01
1662.0	2.1313E-01
1663.0	2.1630E-01
1664.0	2.1498E-01
1665.0	2.0607E-01
1666.0	1.7411E-01
1667.0	2.0502E-01
1668.0	2.0881E-01
1669.0	2.0939E-01
1670.0	2.1573E-01
1671.0	2.1294E-01
1672.0	2.0582E-01
1673.0	2.1052E-01
1674.0	2.1002E-01
1675.0	2.0793E-01
1676.0	2.0584E-01
1677.0	2.0668E-01
1678.0	2.0365E-01
1679.0	2.0741E-01
1680.0	2.0017E-01
1681.0	1.8936E-01
1682.0	1.9830E-01
1683.0	2.0357E-01
1684.0	1.9283E-01
1685.0	2.0763E-01
1686.0	2.0476E-01
1687.0	1.9951E-01
1688.0	2.0465E-01
1689.0	2.0178E-01
1690.0	1.9991E-01
1691.0	1.8808E-01
1692.0	2.0174E-01
1693.0	2.0587E-01
1694.0	1.9950E-01
1695.0	2.0427E-01
1696.0	2.0383E-01
1697.0	1.7649E-01
1698.0	2.0207E-01
1699.0	2.0024E-01
1700.0	1.9464E-01
1702.0	1.9874E-01
1705.0	1.9275E-01
1710.0	1.8316E-01
1715.0	1.8490E-01
1720.0	1.8231E-01
1725.0	1.7367E-01
1730.0	1.6979E-01
1735.0	1.5758E-01
1740.0	1.6405E-01
1745.0	1.5105E-01
1750.0	1.6162E-01
1755.0	1.4931E-01
1760.0	1.5608E-01
1765.0	1.2967E-01
1770.0	1.3831E-01
1775.0	1.1213E-01
1780.0	9.8143E-02
1785.0	7.5201E-02
1790.0	8.6831E-02
1795.0	4.5864E-02
1800.0	3.1112E-02
1805.0	1.4485E-02
1810.0	9.4762E-03
1815.0	3.2093E-03
1820.0	9.6578E-04
1825.0	1.2463E-03
1830.0	5.0896E-06
1835.0	6.2784E-06
1840.0	6.1337E-08
1845.0	6.1298E-06
1850.0	2.9348E-06
1855.0	2.7795E-07
1860.0	1.0920E-05
1865.0	1.6644E-05
1870.0	2.6148E-10
1875.0	4.4296E-10
1880.0	7.6123E-05
1885.0	4.3129E-05
1890.0	2.1956E-04
1895.0	1.2743E-04
1900.0	8.4916E-07
1905.0	5.5798E-07
1910.0	2.2726E-05
1915.0	1.9673E-05
1920.0	4.4451E-04
1925.0	9.2326E-04
1930.0	5.4474E-04
1935.0	3.5428E-03
1940.0	3.2357E-03
1945.0	1.0707E-02
1950.0	1.6482E-02
1955.0	9.8860E-03
1960.0	2.1569E-02
1965.0	2.8114E-02
1970.0	4.8055E-02
1975.0	6.6730E-02
1980.0	7.4234E-02
1985.0	8.1625E-02
1990.0	8.4124E-02
1995.0	7.9787E-02
2000.0	3.7491E-02
2005.0	1.4747E-02
2010.0	3.9071E-02
2015.0	2.6208E-02
2020.0	4.4239E-02
2025.0	7.2779E-02
2030.0	8.3460E-02
2035.0	9.4808E-02
2040.0	8.8344E-02
2045.0	8.9636E-02
2050.0	6.6892E-02
2055.0	5.4090E-02
2060.0	6.8157E-02
2065.0	6.0962E-02
2070.0	6.4715E-02
2075.0	7.6305E-02
2080.0	8.5528E-02
2085.0	8.3847E-02
2090.0	8.7779E-02
2095.0	8.8421E-02
2100.0	8.4869E-02
2105.0	9.1771E-02
2110.0	8.8320E-02
2115.0	9.0308E-02
2120.0	8.6281E-02
2125.0	8.7303E-02
2130.0	8.8422E-02
2135.0	8.8679E-02
2140.0	8.9390E-02
2145.0	8.8132E-02
2150.0	8.3369E-02
2155.0	8.3566E-02
2160.0	8.2912E-02
2165.0	7.5175E-02
2170.0	8.0776E-02
2175.0	7.9257E-02
2180.0	8.0597E-02
2185.0	7.3458E-02
2190.0	7.7905E-02
2195.0	7.7833E-02
2200.0	7.0175E-02
2205.0	7.2947E-02
2210.0	7.8174E-02
2215.0	7.5189E-02
2220.0	7.6631E-02
2225.0	7.4400E-02
2230.0	7.4727E-02
2235.0	7.3290E-02
2240.0	7.2140E-02
2245.0	6.9911E-02
2250.0	7.1034E-02
2255.0	6.6865E-02
2260.0	6.6143E-02
2265.0	6.7355E-02
2270.0	6.4138E-02
2275.0	6.3309E-02
2280.0	6.5551E-02
2285.0	6.2389E-02
2290.0	6.2534E-02
2295.0	6.0603E-02
2300.0	5.8193E-02
2305.0	5.8544E-02
2310.0	6.3189E-02
2315.0	5.7528E-02
2320.0	5.1489E-02
2325.0	5.5626E-02
2330.0	5.6231E-02
2335.0	5.7362E-02
2340.0	4.5366E-02
2345.0	5.0869E-02
2350.0	4.1115E-02
2355.0	4.6988E-02
2360.0	4.9724E-02
2365.0	4.8909E-02
2370.0	3.0514E-02
2375.0	4.3704E-02
2380.0	4.2128E-02
2385.0	3.0525E-02
2390.0	3.6748E-02
2395.0	4.0199E-02
2400.0	4.3726E-02
2405.0	3.3286E-02
2410.0	3.3504E-02
2415.0	2.7058E-02
2420.0	2.6358E-02
2425.0	3.2802E-02
2430.0	4.4725E-02
2435.0	1.4765E-02
2440.0	4.2926E-02
2445.0	2.0657E-02
2450.0	1.3523E-02
2455.0	2.4695E-02
2460.0	3.3157E-02
2465.0	2.4009E-02
2470.0	1.6635E-02
2475.0	1.6368E-02
2480.0	7.9996E-03
2485.0	5.5840E-03
2490.0	3.4957E-03
2495.0	2.8647E-03
2500.0	7.0328E-03
2505.0	1.5124E-03
2510.0	2.2063E-03
2515.0	5.1644E-04
2520.0	3.6879E-04
2525.0	4.1194E-05
2530.0	6.3279E-07
2535.0	1.7415E-07
2540.0	3.7521E-07
2545.0	5.3469E-11
2550.0	2.8066E-13
2555.0	1.0377E-09
2560.0	3.0842E-11
2565.0	1.5846E-14
2570.0	1.5151E-18
2575.0	1.0708E-27
2580.0	3.7933E-22
2585.0	1.7064E-34
2590.0	5.4369E-31
2595.0	2.2666E-33
2600.0	4.4556E-28
2605.0	5.7592E-35
2610.0	5.8970E-34
2615.0	1.1106E-37
2620.0	5.6056E-29
2625.0	3.8378E-28
2630.0	2.8026E-45
2635.0	3.8719E-16
2640.0	1.1657E-16
2645.0	8.9292E-19
2650.0	1.4186E-19
2655.0	1.3036E-27
2660.0	2.5880E-25
2665.0	1.1045E-37
2670.0	0.0000E+00
2675.0	0.0000E+00
2680.0	0.0000E+00
2685.0	0.0000E+00
2690.0	1.0178E-29
2695.0	7.1014E-33
2700.0	0.0000E+00
2705.0	2.9273E-42
2710.0	1.1239E-35
2715.0	3.8549E-26
2720.0	5.6052E-45
2725.0	7.3094E-22
2730.0	6.0929E-19
2735.0	5.5121E-21
2740.0	2.3435E-27
2745.0	1.3224E-23
2750.0	1.6758E-28
2755.0	6.7262E-44
2760.0	0.0000E+00
2765.0	2.7001E-27
2770.0	8.4528E-24
2775.0	4.0360E-38
2780.0	4.8532E-34
2785.0	3.9255E-27
2790.0	1.2295E-16
2795.0	3.6591E-16
2800.0	1.6665E-12
2805.0	6.8228E-14
2810.0	4.0695E-10
2815.0	2.9018E-10
2820.0	2.0789E-11
2825.0	1.7814E-07
2830.0	3.9475E-06
2835.0	2.1533E-10
2840.0	1.9849E-07
2845.0	4.1074E-05
2850.0	1.1708E-06
2855.0	4.5425E-07
2860.0	2.5672E-05
2865.0	1.6974E-04
2870.0	6.3922E-06
2875.0	3.9663E-04
2880.0	2.5037E-04
2885.0	4.5906E-04
2890.0	1.8860E-04
2895.0	2.6982E-03
2900.0	8.2183E-04
2905.0	1.1237E-04
2910.0	2.7566E-03
2915.0	1.2742E-03
2920.0	2.9316E-03
2925.0	1.0973E-03
2930.0	5.9606E-03
2935.0	6.5725E-03
2940.0	1.6479E-03
2945.0	1.4673E-03
2950.0	5.2935E-03
2955.0	2.3655E-03
2960.0	4.6549E-03
2965.0	7.5313E-03
2970.0	3.5676E-04
2975.0	8.6499E-04
2980.0	1.3548E-03
2985.0	7.0495E-03
2990.0	1.0407E-02
2995.0	4.3286E-03
3000.0	7.9442E-03
3005.0	2.9261E-03
3010.0	6.9320E-03
3015.0	5.6232E-03
3020.0	6.4143E-04
3025.0	7.5948E-03
3030.0	6.1491E-03
3035.0	2.5290E-03
3040.0	2.0487E-03
3045.0	4.2599E-03
3050.0	1.0446E-03
3055.0	2.9295E-04
3060.0	6.3761E-03
3065.0	2.9458E-03
3070.0	1.7699E-03
3075.0	6.0928E-03
3080.0	3.6646E-03
3085.0	1.7876E-03
3090.0	2.4080E-03
3095.0	6.6266E-04
3100.0	4.4513E-03
3105.0	9.3203E-04
3110.0	8.5524E-04
3115.0	2.2932E-03
3120.0	9.9294E-03
3125.0	3.0625E-03
3130.0	5.8246E-03
3135.0	1.1571E-02
3140.0	3.3603E-03
3145.0	3.2869E-03
3150.0	6.7457E-03
3155.0	5.6965E-03
3160.0	9.3294E-03
3165.0	1.4163E-02
3170.0	1.2645E-02
3175.0	9.3252E-03
3180.0	1.0730E-02
3185.0	8.1644E-03
3190.0	4.2817E-03
3195.0	2.7197E-03
3200.0	4.4280E-04
3205.0	3.1280E-04
3210.0	1.3768E-04
3215.0	5.0237E-04
3220.0	1.6245E-03
3225.0	2.0066E-04
3230.0	3.4404E-04
3235.0	7.3625E-03
3240.0	3.7816E-03
3245.0	7.4096E-04
3250.0	2.6308E-03
3255.0	1.0029E-02
3260.0	1.2360E-03
3265.0	2.4686E-03
3270.0	1.2292E-03
3275.0	5.9758E-03
3280.0	2.8890E-03
3285.0	1.1223E-02
3290.0	8.8310E-03
3295.0	1.2337E-03
3300.0	1.7944E-03
3305.0	3.9746E-03
3310.0	3.9565E-03
3315.0	1.6269E-05
3320.0	6.0496E-05
3325.0	3.5486E-03
3330.0	4.7014E-03
3335.0	9.1470E-03
3340.0	3.4903E-03
3345.0	3.5722E-03
3350.0	8.0998E-03
3355.0	3.6642E-03
3360.0	5.2892E-03
3365.0	7.2591E-03
3370.0	3.9770E-03
3375.0	8.5388E-03
3380.0	5.1624E-03
3385.0	7.5650E-03
3390.0	9.9552E-03
3395.0	9.6446E-03
3400.0	1.2638E-02
3405.0	4.5061E-03
3410.0	7.1547E-03
3415.0	7.3543E-03
3420.0	1.3305E-02
3425.0	1.0112E-02
3430.0	8.7810E-03
3435.0	1.1673E-02
3440.0	8.1181E-03
3445.0	1.1434E-02
3450.0	1.1267E-02
3455.0	8.3938E-03
3460.0	1.2657E-02
3465.0	9.9163E-03
3470.0	1.2386E-02
3475.0	1.1051E-02
3480.0	1.1335E-02
3485.0	1.2212E-02
3490.0	1.0520E-02
3495.0	1.2383E-02
3500.0	1.2032E-02
3505.0	1.1923E-02
3510.0	1.2077E-02
3515.0	1.1598E-02
3520.0	1.2226E-02
3525.0	1.1523E-02
3530.0	1.1217E-02
3535.0	9.5305E-03
3540.0	9.1011E-03
3545.0	9.6154E-03
3550.0	1.0616E-02
3555.0	9.1245E-03
3560.0	1.0872E-02
3565.0	1.0928E-02
3570.0	8.3951E-03
3575.0	8.7028E-03
3580.0	1.0255E-02
3585.0	9.2282E-03
3590.0	9.5145E-03
3595.0	9.7329E-03
3600.0	1.0328E-02
3605.0	1.0425E-02
3610.0	9.5385E-03
3615.0	9.5318E-03
3620.0	1.1686E-02
3625.0	1.0302E-02
3630.0	1.0016E-02
3635.0	1.0362E-02
3640.0	1.1549E-02
3645.0	1.0663E-02
3650.0	1.0183E-02
3655.0	1.1042E-02
3660.0	1.0978E-02
3665.0	1.0313E-02
3670.0	7.9464E-03
3675.0	4.8569E-03
3680.0	8.3789E-03
3685.0	9.4906E-03
3690.0	9.7458E-03
3695.0	1.0188E-02
3700.0	1.0937E-02
3705.0	1.0827E-02
3710.0	9.4130E-03
3715.0	9.2731E-03
3720.0	1.0429E-02
3725.0	1.0751E-02
3730.0	9.3169E-03
3735.0	8.6260E-03
3740.0	8.8923E-03
3745.0	1.0380E-02
3750.0	9.3341E-03
3755.0	9.0336E-03
3760.0	8.9041E-03
3765.0	8.5891E-03
3770.0	9.1649E-03
3775.0	9.0918E-03
3780.0	9.6158E-03
3785.0	8.8498E-03
3790.0	7.7891E-03
3795.0	8.9056E-03
3800.0	9.8988E-03
3805.0	9.3414E-03
3810.0	8.2771E-03
3815.0	7.7867E-03
3820.0	9.6908E-03
3825.0	9.5402E-03
3830.0	9.6268E-03
3835.0	7.7190E-03
3840.0	9.0066E-03
3845.0	8.8097E-03
3850.0	8.8569E-03
3855.0	8.5365E-03
3860.0	8.0197E-03
3865.0	8.1248E-03
3870.0	7.3839E-03
3875.0	6.7832E-03
3880.0	6.5543E-03
3885.0	6.7926E-03
3890.0	6.9028E-03
3895.0	7.4983E-03
3900.0	7.9487E-03
3905.0	7.9500E-03
3910.0	7.1560E-03
3915.0	7.0070E-03
3920.0	6.9665E-03
3925.0	6.8714E-03
3930.0	7.0699E-03
3935.0	7.3743E-03
3940.0	7.4228E-03
3945.0	7.5613E-03
3950.0	7.6475E-03
3955.0	7.7399E-03
3960.0	7.7679E-03
3965.0	7.8253E-03
3970.0	7.6997E-03
3975.0	7.5280E-03
3980.0	7.4049E-03
3985.0	7.4503E-03
3990.0	7.3894E-03
3995.0	7.2263E-03
4000.0	7.1199E-03
