3.075000000000000000e+02 1.195758459842411088e-02
3.080000000000000000e+02 1.369704609817734738e-02
3.085000000000000000e+02 1.560502408278433700e-02
3.090000000000000000e+02 1.769856659642592145e-02
3.095000000000000000e+02 1.998918522710944543e-02
3.100000000000000000e+02 2.246889494652471939e-02
3.105000000000000000e+02 2.510171901568006292e-02
3.110000000000000000e+02 2.783021859056947211e-02
3.115000000000000000e+02 3.059515338253170416e-02
3.120000000000000000e+02 3.335255541462425061e-02
3.125000000000000000e+02 3.607793344158960469e-02
3.130000000000000000e+02 3.876376624710982377e-02
3.135000000000000000e+02 4.141672888669098440e-02
3.140000000000000000e+02 4.405382794482643610e-02
3.145000000000000000e+02 4.670013425143731967e-02
3.150000000000000000e+02 4.939257197000577332e-02
3.155000000000000000e+02 5.218011313540238394e-02
3.160000000000000000e+02 5.510255252968376122e-02
3.165000000000000000e+02 5.815735424044273655e-02
3.170000000000000000e+02 6.129227779416067390e-02
3.175000000000000000e+02 6.443610006034708459e-02
3.180000000000000000e+02 6.753481220993420853e-02
3.185000000000000000e+02 7.056038483756765789e-02
3.190000000000000000e+02 7.349859308290580817e-02
3.195000000000000000e+02 7.634215790431314597e-02
3.200000000000000000e+02 7.909061625154240049e-02
3.205000000000000000e+02 8.175295499934757959e-02
3.210000000000000000e+02 8.437144906405552591e-02
3.215000000000000000e+02 8.705718168289067194e-02
3.220000000000000000e+02 8.999163566599124864e-02
3.225000000000000000e+02 9.338244118509669844e-02
3.230000000000000000e+02 9.740132984662344673e-02
3.235000000000000000e+02 1.021317312882048800e-01
3.240000000000000000e+02 1.075502192495532278e-01
3.245000000000000000e+02 1.135479630326276523e-01
3.250000000000000000e+02 1.199569271306779178e-01
3.255000000000000000e+02 1.265524110079682685e-01
3.260000000000000000e+02 1.330647949072902292e-01
3.265000000000000000e+02 1.392410597773478531e-01
3.270000000000000000e+02 1.449241226640753388e-01
3.275000000000000000e+02 1.500812534428404288e-01
3.280000000000000000e+02 1.547585879592519031e-01
3.285000000000000000e+02 1.589921671668337033e-01
3.290000000000000000e+02 1.627376051636069132e-01
3.295000000000000000e+02 1.658813098258427876e-01
3.300000000000000000e+02 1.683306733122928167e-01
3.305000000000000000e+02 1.700995484400303626e-01
3.310000000000000000e+02 1.713076545563370079e-01
3.315000000000000000e+02 1.721053690700317940e-01
3.320000000000000000e+02 1.726100621307883609e-01
3.325000000000000000e+02 1.729039674811108929e-01
3.330000000000000000e+02 1.730623307056096127e-01
3.335000000000000000e+02 1.731624804218037661e-01
3.340000000000000000e+02 1.732632964081896321e-01
3.345000000000000000e+02 1.733887500562927841e-01
3.350000000000000000e+02 1.735563824798915800e-01
3.355000000000000000e+02 1.738414962448292800e-01
3.360000000000000000e+02 1.744153835162750854e-01
3.365000000000000000e+02 1.755075829760473771e-01
3.370000000000000000e+02 1.773057467341209725e-01
3.375000000000000000e+02 1.798598896321450258e-01
3.380000000000000000e+02 1.830540145143781938e-01
3.385000000000000000e+02 1.866521450869055854e-01
3.390000000000000000e+02 1.903716778009869048e-01
3.395000000000000000e+02 1.939368721336600931e-01
3.400000000000000000e+02 1.971104243932133848e-01
3.405000000000000000e+02 1.997277485489525051e-01
3.410000000000000000e+02 2.017238377151841511e-01
3.415000000000000000e+02 2.031126019091150647e-01
3.420000000000000000e+02 2.039330613966449102e-01
3.425000000000000000e+02 2.042305055774812916e-01
3.430000000000000000e+02 2.040972610801122800e-01
3.435000000000000000e+02 2.037268850599654457e-01
3.440000000000000000e+02 2.034106310860564759e-01
3.445000000000000000e+02 2.034379747425452412e-01
3.450000000000000000e+02 2.039661967517016339e-01
3.455000000000000000e+02 2.049879680687458072e-01
3.460000000000000000e+02 2.064165201171758723e-01
3.465000000000000000e+02 2.081768232753481440e-01
3.470000000000000000e+02 2.102386018290018921e-01
3.475000000000000000e+02 2.126191694402535526e-01
3.480000000000000000e+02 2.153691951810465799e-01
3.485000000000000000e+02 2.185377272283997308e-01
3.490000000000000000e+02 2.221345458351596525e-01
3.495000000000000000e+02 2.260946874447515853e-01
3.500000000000000000e+02 2.302555997015039713e-01
3.505000000000000000e+02 2.343952855527828838e-01
3.510000000000000000e+02 2.383318227242455511e-01
3.515000000000000000e+02 2.419929438663724064e-01
3.520000000000000000e+02 2.453893263170007777e-01
3.525000000000000000e+02 2.485205260105693981e-01
3.530000000000000000e+02 2.512741312098126234e-01
3.535000000000000000e+02 2.533820920125408049e-01
3.540000000000000000e+02 2.544862790804704455e-01
3.545000000000000000e+02 2.542816788463153621e-01
3.550000000000000000e+02 2.526464146028358781e-01
3.555000000000000000e+02 2.497097250695400339e-01
3.560000000000000000e+02 2.458571545862390795e-01
3.565000000000000000e+02 2.416780957902932847e-01
3.570000000000000000e+02 2.378618911183873752e-01
3.575000000000000000e+02 2.350624075252109035e-01
3.580000000000000000e+02 2.337753622540006404e-01
3.585000000000000000e+02 2.342489783443932605e-01
3.590000000000000000e+02 2.364169135137602074e-01
3.595000000000000000e+02 2.399201216960068217e-01
3.600000000000000000e+02 2.442950523631373660e-01
3.605000000000000000e+02 2.492208774846377262e-01
3.610000000000000000e+02 2.546239026629077973e-01
3.615000000000000000e+02 2.605862757410029040e-01
3.620000000000000000e+02 2.671816175487777834e-01
3.625000000000000000e+02 2.743824993073345486e-01
3.630000000000000000e+02 2.820844655452465211e-01
3.635000000000000000e+02 2.901737651945605623e-01
3.640000000000000000e+02 2.985423151144844800e-01
3.645000000000000000e+02 3.070427183162889317e-01
3.650000000000000000e+02 3.154346256544446336e-01
3.655000000000000000e+02 3.233641712681500358e-01
3.660000000000000000e+02 3.304209929455331762e-01
3.665000000000000000e+02 3.362688650023603620e-01
3.670000000000000000e+02 3.407544685516162852e-01
3.675000000000000000e+02 3.439172490731146614e-01
3.680000000000000000e+02 3.459133496790949280e-01
3.685000000000000000e+02 3.468961959736046596e-01
3.690000000000000000e+02 3.469088242796770638e-01
3.695000000000000000e+02 3.458703531145156385e-01
3.700000000000000000e+02 3.436880090982579183e-01
3.705000000000000000e+02 3.403973889602157077e-01
3.710000000000000000e+02 3.361973294101409104e-01
3.715000000000000000e+02 3.314047449496386744e-01
3.720000000000000000e+02 3.264550716380233419e-01
3.725000000000000000e+02 3.219293794504544670e-01
3.730000000000000000e+02 3.185113033445251540e-01
3.735000000000000000e+02 3.168772835029479151e-01
3.740000000000000000e+02 3.175570918796802311e-01
3.745000000000000000e+02 3.207950070658347475e-01
3.750000000000000000e+02 3.264665847167987356e-01
3.755000000000000000e+02 3.340898987480271365e-01
3.760000000000000000e+02 3.429276564408824668e-01
3.765000000000000000e+02 3.521103680404203962e-01
3.770000000000000000e+02 3.606945241274142067e-01
3.775000000000000000e+02 3.676976911362873079e-01
3.780000000000000000e+02 3.722345902922633565e-01
3.785000000000000000e+02 3.737458962901316073e-01
3.790000000000000000e+02 3.721446938781538538e-01
3.795000000000000000e+02 3.677317135475587917e-01
3.800000000000000000e+02 3.609467976251797272e-01
3.805000000000000000e+02 3.522062091801949069e-01
3.810000000000000000e+02 3.419819773325350476e-01
3.815000000000000000e+02 3.310027437656152816e-01
3.820000000000000000e+02 3.203298263811086843e-01
3.825000000000000000e+02 3.111971188534700672e-01
3.830000000000000000e+02 3.047059470485401489e-01
3.835000000000000000e+02 3.015318521942949581e-01
3.840000000000000000e+02 3.017555528039480017e-01
3.845000000000000000e+02 3.049004545048531467e-01
3.850000000000000000e+02 3.101928532787237569e-01
3.855000000000000000e+02 3.168981092877471428e-01
3.860000000000000000e+02 3.245064519608948927e-01
3.865000000000000000e+02 3.327054735416268283e-01
3.870000000000000000e+02 3.412805810348898961e-01
3.875000000000000000e+02 3.500527068849471068e-01
3.880000000000000000e+02 3.588203822011957755e-01
3.885000000000000000e+02 3.672651617360265797e-01
3.890000000000000000e+02 3.748593499177584887e-01
3.895000000000000000e+02 3.808652898441925450e-01
3.900000000000000000e+02 3.844793103606504170e-01
3.905000000000000000e+02 3.850518975800929500e-01
3.910000000000000000e+02 3.822771513074236238e-01
3.915000000000000000e+02 3.763507427354910173e-01
3.920000000000000000e+02 3.681137591072387028e-01
3.925000000000000000e+02 3.590686202650999470e-01
3.930000000000000000e+02 3.511154528335513891e-01
3.935000000000000000e+02 3.460050564683008201e-01
3.940000000000000000e+02 3.447506408894432384e-01
3.945000000000000000e+02 3.474063177931032698e-01
3.950000000000000000e+02 3.534165228338334575e-01
3.955000000000000000e+02 3.622843071619439859e-01
3.960000000000000000e+02 3.740988875804419633e-01
3.965000000000000000e+02 3.895787825142199567e-01
3.970000000000000000e+02 4.095340160155576670e-01
3.975000000000000000e+02 4.340677903704904250e-01
3.980000000000000000e+02 4.621635415523943635e-01
3.985000000000000000e+02 4.919809405804461688e-01
3.990000000000000000e+02 5.215107360307948969e-01
3.995000000000000000e+02 5.490769759958746832e-01
4.000000000000000000e+02 5.735186509294818435e-01
4.010000000000000000e+02 5.941631435285116281e-01
4.020000000000000000e+02 6.107632964147962085e-01
4.030000000000000000e+02 6.234740923279520342e-01
4.040000000000000000e+02 6.328064368856042288e-01
4.050000000000000000e+02 6.395137065942088084e-01
4.060000000000000000e+02 6.444512114046072604e-01
4.070000000000000000e+02 6.484220539021349206e-01
4.080000000000000000e+02 6.520331889027446426e-01
4.090000000000000000e+02 6.556698293586388226e-01
4.100000000000000000e+02 6.595806217832337337e-01
4.110000000000000000e+02 6.638678230305095074e-01
4.120000000000000000e+02 6.684069670537664543e-01
4.130000000000000000e+02 6.729395327952888417e-01
4.140000000000000000e+02 6.772329495216868889e-01
4.150000000000000000e+02 6.810855996514265653e-01
4.160000000000000000e+02 6.842958490827160123e-01
4.170000000000000000e+02 6.867297314592817337e-01
4.180000000000000000e+02 6.883710221364821580e-01
4.190000000000000000e+02 6.892510741408466313e-01
4.200000000000000000e+02 6.893312014364997298e-01
4.210000000000000000e+02 6.884296139955701221e-01
4.220000000000000000e+02 6.862745778345813452e-01
4.230000000000000000e+02 6.826847639466445683e-01
4.240000000000000000e+02 6.776881291986661671e-01
4.250000000000000000e+02 6.715175185987652950e-01
4.260000000000000000e+02 6.646342665120311688e-01
4.270000000000000000e+02 6.577893817456688108e-01
4.280000000000000000e+02 6.520189709831696323e-01
4.290000000000000000e+02 6.485764698050473509e-01
4.300000000000000000e+02 6.487400175693484039e-01
4.310000000000000000e+02 6.533110983229847291e-01
4.320000000000000000e+02 6.620874170159753991e-01
4.330000000000000000e+02 6.740297456874767557e-01
4.340000000000000000e+02 6.879703854284539011e-01
4.350000000000000000e+02 7.029474505305154386e-01
4.360000000000000000e+02 7.181366205094686928e-01
4.370000000000000000e+02 7.329714695886820897e-01
4.380000000000000000e+02 7.473722439396341954e-01
4.390000000000000000e+02 7.616176642007305153e-01
4.400000000000000000e+02 7.759138561539903334e-01
4.410000000000000000e+02 7.901641320152361647e-01
4.420000000000000000e+02 8.040915177745733278e-01
4.430000000000000000e+02 8.174471791168455015e-01
4.440000000000000000e+02 8.301408118460378294e-01
4.450000000000000000e+02 8.422581460641416218e-01
4.460000000000000000e+02 8.539487382586226083e-01
4.470000000000000000e+02 8.652276173478843369e-01
4.480000000000000000e+02 8.758696781870330961e-01
4.490000000000000000e+02 8.855270644156562065e-01
4.500000000000000000e+02 8.938987154725540618e-01
4.510000000000000000e+02 9.008333585309235003e-01
4.520000000000000000e+02 9.064407699764793769e-01
4.530000000000000000e+02 9.110943258714263582e-01
4.540000000000000000e+02 9.151970153810332631e-01
4.550000000000000000e+02 9.189464603009237509e-01
4.560000000000000000e+02 9.223340661377645855e-01
4.570000000000000000e+02 9.252826644645850696e-01
4.580000000000000000e+02 9.277640139556910803e-01
4.590000000000000000e+02 9.298236538006758867e-01
4.600000000000000000e+02 9.315051348829147537e-01
4.610000000000000000e+02 9.327700555916296210e-01
4.620000000000000000e+02 9.335229857920100960e-01
4.630000000000000000e+02 9.337334339913467840e-01
4.640000000000000000e+02 9.335365971213098746e-01
4.650000000000000000e+02 9.332122663688828812e-01
4.660000000000000000e+02 9.330794639835019444e-01
4.670000000000000000e+02 9.334126666310845755e-01
4.680000000000000000e+02 9.343938364709690747e-01
4.690000000000000000e+02 9.360995537462617477e-01
4.700000000000000000e+02 9.385393326163345984e-01
4.710000000000000000e+02 9.416506419462022937e-01
4.720000000000000000e+02 9.452473627975652715e-01
4.730000000000000000e+02 9.490611807667087563e-01
4.740000000000000000e+02 9.528209909943344824e-01
4.750000000000000000e+02 9.562559608900713659e-01
4.760000000000000000e+02 9.590975905748825303e-01
4.770000000000000000e+02 9.610926748938736219e-01
4.780000000000000000e+02 9.619749033203996991e-01
4.790000000000000000e+02 9.614747063857739251e-01
4.800000000000000000e+02 9.593894421446350629e-01
4.810000000000000000e+02 9.556448879447491107e-01
4.820000000000000000e+02 9.503559211676775309e-01
4.830000000000000000e+02 9.438975596737051443e-01
4.840000000000000000e+02 9.369417841597028618e-01
4.850000000000000000e+02 9.304378708606890758e-01
4.860000000000000000e+02 9.254615373913979148e-01
4.870000000000000000e+02 9.228158977129938823e-01
4.880000000000000000e+02 9.226566822312907146e-01
4.890000000000000000e+02 9.245575130096934657e-01
4.900000000000000000e+02 9.278305634092282039e-01
4.910000000000000000e+02 9.317796740276494960e-01
4.920000000000000000e+02 9.358453968622094665e-01
4.930000000000000000e+02 9.395776997888947157e-01
4.940000000000000000e+02 9.425419696820787063e-01
4.950000000000000000e+02 9.443625014864357459e-01
4.960000000000000000e+02 9.448507991715802135e-01
4.970000000000000000e+02 9.440721622907912725e-01
4.980000000000000000e+02 9.423061227636487791e-01
4.990000000000000000e+02 9.399545130449273866e-01
5.000000000000000000e+02 9.374583629231505455e-01
5.010000000000000000e+02 9.352291275944403237e-01
5.020000000000000000e+02 9.335621400097046108e-01
5.030000000000000000e+02 9.325572018408538888e-01
5.040000000000000000e+02 9.321133059385610098e-01
5.050000000000000000e+02 9.319446875943683262e-01
5.060000000000000000e+02 9.316203225547549094e-01
5.070000000000000000e+02 9.307272606274813453e-01
5.080000000000000000e+02 9.290033102053392167e-01
5.090000000000000000e+02 9.262776503817579110e-01
5.100000000000000000e+02 9.223979925915823941e-01
5.110000000000000000e+02 9.172721828937272504e-01
5.120000000000000000e+02 9.109542324818711290e-01
5.130000000000000000e+02 9.037375124019199069e-01
5.140000000000000000e+02 8.961659143345246381e-01
5.150000000000000000e+02 8.889120478858664187e-01
5.160000000000000000e+02 8.827038884610413083e-01
5.170000000000000000e+02 8.783079535919048331e-01
5.180000000000000000e+02 8.763009269584265404e-01
5.190000000000000000e+02 8.767507150902613677e-01
5.200000000000000000e+02 8.791927614587307094e-01
5.210000000000000000e+02 8.828818084909066943e-01
5.220000000000000000e+02 8.870851765574606640e-01
5.230000000000000000e+02 8.912644408605997493e-01
5.240000000000000000e+02 8.950860351426380701e-01
5.250000000000000000e+02 8.984018885408480148e-01
5.260000000000000000e+02 9.013074414046062799e-01
5.270000000000000000e+02 9.040718371605001025e-01
5.280000000000000000e+02 9.068140774549151573e-01
5.290000000000000000e+02 9.092920683387634151e-01
5.300000000000000000e+02 9.110935342116730506e-01
5.310000000000000000e+02 9.119287219342663287e-01
5.320000000000000000e+02 9.117632863797031639e-01
5.330000000000000000e+02 9.108168711934849782e-01
5.340000000000000000e+02 9.093749187392989874e-01
5.350000000000000000e+02 9.075545710308149383e-01
5.360000000000000000e+02 9.053309392366272190e-01
5.370000000000000000e+02 9.027394829183479352e-01
5.380000000000000000e+02 8.999582376967137920e-01
5.390000000000000000e+02 8.972606933137377005e-01
5.400000000000000000e+02 8.949700096390945658e-01
5.410000000000000000e+02 8.933572129325560995e-01
5.420000000000000000e+02 8.924706597684262110e-01
5.430000000000000000e+02 8.921028703548949945e-01
5.440000000000000000e+02 8.919483007187927193e-01
5.450000000000000000e+02 8.917684119936141185e-01
5.460000000000000000e+02 8.914472944188303050e-01
5.470000000000000000e+02 8.909560797538838006e-01
5.480000000000000000e+02 8.902915713569965472e-01
5.490000000000000000e+02 8.894294400091287134e-01
5.500000000000000000e+02 8.883066621309119171e-01
5.510000000000000000e+02 8.868404935756858398e-01
5.520000000000000000e+02 8.849570343237301850e-01
5.530000000000000000e+02 8.826141382074530473e-01
5.540000000000000000e+02 8.798119699755087009e-01
5.550000000000000000e+02 8.765958702675944458e-01
5.560000000000000000e+02 8.730850896452959642e-01
5.570000000000000000e+02 8.694865777368152582e-01
5.580000000000000000e+02 8.660426907594925838e-01
5.590000000000000000e+02 8.629582479698724162e-01
5.600000000000000000e+02 8.603230638328949187e-01
5.610000000000000000e+02 8.580571872041862225e-01
5.620000000000000000e+02 8.559734837091175219e-01
5.630000000000000000e+02 8.538968460163388619e-01
5.640000000000000000e+02 8.517184494321438093e-01
5.650000000000000000e+02 8.494130009330759234e-01
5.660000000000000000e+02 8.470238840150929871e-01
5.670000000000000000e+02 8.445878512663743676e-01
5.680000000000000000e+02 8.421029107132972369e-01
5.690000000000000000e+02 8.395959499576615137e-01
5.700000000000000000e+02 8.371579525284486012e-01
5.710000000000000000e+02 8.348720597161723989e-01
5.720000000000000000e+02 8.327234310456780308e-01
5.730000000000000000e+02 8.306031204771262555e-01
5.740000000000000000e+02 8.284164371850121222e-01
5.750000000000000000e+02 8.261674332515303032e-01
5.760000000000000000e+02 8.239231807115571238e-01
5.770000000000000000e+02 8.217228668434606309e-01
5.780000000000000000e+02 8.195297583414845599e-01
5.790000000000000000e+02 8.172141296274194611e-01
5.800000000000000000e+02 8.145304066589841296e-01
5.810000000000000000e+02 8.111310651026213403e-01
5.820000000000000000e+02 8.066350526651359099e-01
5.830000000000000000e+02 8.007141715496479684e-01
5.840000000000000000e+02 7.931784418565289707e-01
5.850000000000000000e+02 7.840378249637133257e-01
5.860000000000000000e+02 7.735098731599255872e-01
5.870000000000000000e+02 7.619854474179984516e-01
5.880000000000000000e+02 7.500087596260216483e-01
5.890000000000000000e+02 7.382242590090545287e-01
5.900000000000000000e+02 7.271532109197100802e-01
5.910000000000000000e+02 7.169483476513262010e-01
5.920000000000000000e+02 7.074273970763081953e-01
5.930000000000000000e+02 6.982905016312043189e-01
5.940000000000000000e+02 6.892556597657701900e-01
5.950000000000000000e+02 6.800928702674265969e-01
5.960000000000000000e+02 6.706311460154630311e-01
5.970000000000000000e+02 6.607829713953664585e-01
5.980000000000000000e+02 6.505978285658612359e-01
5.990000000000000000e+02 6.402830063898060642e-01
6.000000000000000000e+02 6.301490123304505087e-01
6.010000000000000000e+02 6.205180011087421121e-01
6.020000000000000000e+02 6.116392338052748512e-01
6.030000000000000000e+02 6.036289573773332418e-01
6.040000000000000000e+02 5.964657255851100182e-01
6.050000000000000000e+02 5.900546146386588253e-01
6.060000000000000000e+02 5.842992073251245255e-01
6.070000000000000000e+02 5.791227463583841217e-01
6.080000000000000000e+02 5.744607592020367637e-01
6.090000000000000000e+02 5.702604648743827553e-01
6.100000000000000000e+02 5.664798256958774036e-01
6.110000000000000000e+02 5.630772290928219848e-01
6.120000000000000000e+02 5.600068052176554456e-01
6.130000000000000000e+02 5.572336906380831456e-01
6.140000000000000000e+02 5.547435646886053062e-01
6.150000000000000000e+02 5.525162737086086739e-01
6.160000000000000000e+02 5.504996066138042599e-01
6.170000000000000000e+02 5.486049858051967876e-01
6.180000000000000000e+02 5.466951875708749853e-01
6.190000000000000000e+02 5.445946051801350274e-01
6.200000000000000000e+02 5.421541779281408013e-01
6.210000000000000000e+02 5.393191612664820500e-01
6.220000000000000000e+02 5.361539108211872406e-01
6.230000000000000000e+02 5.328144129396011897e-01
6.240000000000000000e+02 5.294850044043372117e-01
6.250000000000000000e+02 5.263268864771322164e-01
6.260000000000000000e+02 5.234587912783211783e-01
6.270000000000000000e+02 5.209626674455080098e-01
6.280000000000000000e+02 5.189065289343098852e-01
6.290000000000000000e+02 5.173475647624741214e-01
6.300000000000000000e+02 5.163072015545121518e-01
6.310000000000000000e+02 5.157625593452906942e-01
6.320000000000000000e+02 5.156498728965926981e-01
6.330000000000000000e+02 5.158513662118462406e-01
6.340000000000000000e+02 5.162009468128077039e-01
6.350000000000000000e+02 5.165291451843261328e-01
6.360000000000000000e+02 5.166924484037670462e-01
6.370000000000000000e+02 5.165611955263818000e-01
6.380000000000000000e+02 5.160147400427091968e-01
6.390000000000000000e+02 5.149724421563810495e-01
6.400000000000000000e+02 5.134176216800410142e-01
6.410000000000000000e+02 5.113738908209083389e-01
6.420000000000000000e+02 5.088600083024599208e-01
6.430000000000000000e+02 5.058712330367965970e-01
6.440000000000000000e+02 5.023965607137088618e-01
6.450000000000000000e+02 4.984497732402643488e-01
6.460000000000000000e+02 4.940907191559923417e-01
6.470000000000000000e+02 4.894187256709163214e-01
6.480000000000000000e+02 4.845412084170560019e-01
6.490000000000000000e+02 4.795375230910031150e-01
6.500000000000000000e+02 4.744193071921457561e-01
6.510000000000000000e+02 4.691136128980116782e-01
6.520000000000000000e+02 4.635212297805640924e-01
6.530000000000000000e+02 4.576142726589725873e-01
6.540000000000000000e+02 4.515033239721234493e-01
6.550000000000000000e+02 4.454666857193406160e-01
6.560000000000000000e+02 4.398949620010846884e-01
6.570000000000000000e+02 4.351026756191729294e-01
6.580000000000000000e+02 4.311528834956033784e-01
6.590000000000000000e+02 4.278924329339888755e-01
6.600000000000000000e+02 4.251292981294981232e-01
6.610000000000000000e+02 4.227445865450390472e-01
6.620000000000000000e+02 4.206939151512196773e-01
6.630000000000000000e+02 4.189641565570500492e-01
6.640000000000000000e+02 4.175297814656703244e-01
6.650000000000000000e+02 4.163340412170590255e-01
6.660000000000000000e+02 4.153012922543297125e-01
6.670000000000000000e+02 4.143575420750442162e-01
6.680000000000000000e+02 4.134342115410535867e-01
6.690000000000000000e+02 4.124639525542943552e-01
6.700000000000000000e+02 4.113907898333420965e-01
6.710000000000000000e+02 4.101834086247971856e-01
6.720000000000000000e+02 4.088271960270524197e-01
6.730000000000000000e+02 4.073005419992237752e-01
6.740000000000000000e+02 4.055592147578310214e-01
6.750000000000000000e+02 4.035360589004437504e-01
6.760000000000000000e+02 4.011436716867361474e-01
6.770000000000000000e+02 3.982762486415963310e-01
6.780000000000000000e+02 3.948161157275745237e-01
6.790000000000000000e+02 3.906429006013692473e-01
6.800000000000000000e+02 3.856436667153833597e-01
6.810000000000000000e+02 3.797272696514656376e-01
6.820000000000000000e+02 3.728471570626185616e-01
6.830000000000000000e+02 3.650339639282567106e-01
6.840000000000000000e+02 3.564305969766259352e-01
6.850000000000000000e+02 3.473242669730488563e-01
6.860000000000000000e+02 3.381786824643538414e-01
6.870000000000000000e+02 3.296018066849478179e-01
6.880000000000000000e+02 3.221493260966248329e-01
6.890000000000000000e+02 3.160873613235184454e-01
6.900000000000000000e+02 3.113462623422554865e-01
6.910000000000000000e+02 3.076369075353613258e-01
6.920000000000000000e+02 3.045822508463890133e-01
6.930000000000000000e+02 3.018194154356613756e-01
6.940000000000000000e+02 2.990523641329238536e-01
6.950000000000000000e+02 2.960489449802589657e-01
6.960000000000000000e+02 2.926201595499509645e-01
6.970000000000000000e+02 2.886188784314294153e-01
6.980000000000000000e+02 2.839657188399455912e-01
6.990000000000000000e+02 2.786739080137706215e-01
7.000000000000000000e+02 2.728343907768407406e-01
7.010000000000000000e+02 2.665673638799572198e-01
7.020000000000000000e+02 2.599756985339806703e-01
7.030000000000000000e+02 2.531157027728864750e-01
7.040000000000000000e+02 2.459886565090618205e-01
7.050000000000000000e+02 2.385557441390066258e-01
7.060000000000000000e+02 2.307657871383425596e-01
7.070000000000000000e+02 2.225744568968972825e-01
7.080000000000000000e+02 2.139461516274719366e-01
7.090000000000000000e+02 2.048490582726936182e-01
7.100000000000000000e+02 1.952556980436938594e-01
7.110000000000000000e+02 1.851521063498915709e-01
7.120000000000000000e+02 1.745507386262095395e-01
7.130000000000000000e+02 1.635001070710596638e-01
7.140000000000000000e+02 1.520909739086773460e-01
7.150000000000000000e+02 1.404636282087951549e-01
7.160000000000000000e+02 1.288146788564184242e-01
7.170000000000000000e+02 1.173929530199961102e-01
7.180000000000000000e+02 1.064674371303420269e-01
7.190000000000000000e+02 9.626430577139478972e-02
7.200000000000000000e+02 8.690478214382639510e-02
7.210000000000000000e+02 7.838548818052808176e-02
7.220000000000000000e+02 7.061680310577513053e-02
7.230000000000000000e+02 6.349331900044798138e-02
7.240000000000000000e+02 5.694215273842970215e-02
7.250000000000000000e+02 5.092092413518977539e-02
7.260000000000000000e+02 4.539350554066912125e-02
7.270000000000000000e+02 4.032049840308925964e-02
7.280000000000000000e+02 3.566478175796924249e-02
7.290000000000000000e+02 3.139485513053079380e-02
7.300000000000000000e+02 2.748301954741592945e-02
7.310000000000000000e+02 2.390597868195560444e-02
7.320000000000000000e+02 2.064717748011165449e-02
7.330000000000000000e+02 1.769655342019445590e-02
7.340000000000000000e+02 1.504962871246452033e-02
7.350000000000000000e+02 1.270647723876811366e-02
7.360000000000000000e+02 1.066827376174694052e-02
7.370000000000000000e+02 8.932383232344862437e-03
7.380000000000000000e+02 7.488878246366922550e-03
7.390000000000000000e+02 6.319787556510391043e-03
7.400000000000000000e+02 5.400224058844095738e-03
7.410000000000000000e+02 4.700269932932594000e-03
7.420000000000000000e+02 4.187190400712601478e-03
7.430000000000000000e+02 3.827572170453942199e-03
7.440000000000000000e+02 3.589157883949357659e-03
7.450000000000000000e+02 3.442367196840344801e-03
7.460000000000000000e+02 3.361283441271969118e-03
7.470000000000000000e+02 3.323970262620636485e-03
7.480000000000000000e+02 3.312305115460221442e-03
7.490000000000000000e+02 3.311539073200426252e-03
7.500000000000000000e+02 3.309726892307236160e-03
7.510000000000000000e+02 3.297176719028298893e-03
7.520000000000000000e+02 3.266037161301728765e-03
7.530000000000000000e+02 3.210093810205916914e-03
7.540000000000000000e+02 3.124838930757420797e-03
7.550000000000000000e+02 3.007880237815792768e-03
7.560000000000000000e+02 2.859665500820948898e-03
7.570000000000000000e+02 2.684392305870444279e-03
7.580000000000000000e+02 2.491096403374379840e-03
7.590000000000000000e+02 2.294984114438108642e-03
7.600000000000000000e+02 2.117317596701673819e-03
7.610000000000000000e+02 1.980445136039327321e-03
7.620000000000000000e+02 1.900057414974450553e-03
7.630000000000000000e+02 1.882137524021503579e-03
7.640000000000000000e+02 1.924967065498996285e-03
7.650000000000000000e+02 2.020901182885099720e-03
7.660000000000000000e+02 2.157600392962607735e-03
7.670000000000000000e+02 2.320286903190141130e-03
7.680000000000000000e+02 2.494340994653425000e-03
7.690000000000000000e+02 2.667533434467107400e-03
7.700000000000000000e+02 2.831355655322945024e-03
7.710000000000000000e+02 2.981102638430183516e-03
7.720000000000000000e+02 3.115181095802245330e-03
7.730000000000000000e+02 3.234221110176509206e-03
7.740000000000000000e+02 3.340242247326818958e-03
7.750000000000000000e+02 3.435991612492113236e-03
7.760000000000000000e+02 3.524487894613426934e-03
7.770000000000000000e+02 3.608730209384546257e-03
7.780000000000000000e+02 3.691482224312034495e-03
7.790000000000000000e+02 3.775102684857864228e-03
7.800000000000000000e+02 3.861511911426421511e-03
7.810000000000000000e+02 3.952281644338757893e-03
7.820000000000000000e+02 4.048716701813322681e-03
7.830000000000000000e+02 4.151915750641221002e-03
7.840000000000000000e+02 4.262823837484856423e-03
7.850000000000000000e+02 4.382234596171815516e-03
7.860000000000000000e+02 4.510848761922656505e-03
7.870000000000000000e+02 4.649486462437195725e-03
7.880000000000000000e+02 4.799261453884056186e-03
7.890000000000000000e+02 4.961538441831711554e-03
7.900000000000000000e+02 5.137733003198174594e-03
7.910000000000000000e+02 5.329035261019581145e-03
7.920000000000000000e+02 5.536223470826234609e-03
7.930000000000000000e+02 5.759695247645605851e-03
7.940000000000000000e+02 5.999518413211514176e-03
7.950000000000000000e+02 6.255369134794929765e-03
7.960000000000000000e+02 6.526304762837871996e-03
7.970000000000000000e+02 6.810224334244144653e-03
7.980000000000000000e+02 7.103385059400578461e-03
7.990000000000000000e+02 7.400455087773742495e-03
8.000000000000000000e+02 7.694596693811206999e-03
8.010000000000000000e+02 7.977298427104947617e-03
8.020000000000000000e+02 8.239026406177801451e-03
8.030000000000000000e+02 8.470701022070361783e-03
8.040000000000000000e+02 8.664422738836243670e-03
8.050000000000000000e+02 8.813250170541377798e-03
8.060000000000000000e+02 8.910932494130505491e-03
8.070000000000000000e+02 8.951947554886133598e-03
8.080000000000000000e+02 8.932046778448598026e-03
8.090000000000000000e+02 8.849099556174026132e-03
8.100000000000000000e+02 8.703468438191020590e-03
8.110000000000000000e+02 8.497907011087664497e-03
8.120000000000000000e+02 8.237790320249143219e-03
8.130000000000000000e+02 7.931607740542826954e-03
8.140000000000000000e+02 7.590599836178620226e-03
8.150000000000000000e+02 7.226857860275112157e-03
8.160000000000000000e+02 6.850713241438949157e-03
8.170000000000000000e+02 6.468877618538731132e-03
8.180000000000000000e+02 6.083669491680726397e-03
8.190000000000000000e+02 5.693235346730765242e-03
8.200000000000000000e+02 5.293272368863032040e-03
8.210000000000000000e+02 4.880068354641291586e-03
8.220000000000000000e+02 4.453475119117267407e-03
8.230000000000000000e+02 4.017655567114458877e-03
8.240000000000000000e+02 3.578719002035600158e-03
8.250000000000000000e+02 3.142780891799070754e-03
8.260000000000000000e+02 2.716945703899261919e-03
8.270000000000000000e+02 2.309880756835987810e-03
8.280000000000000000e+02 1.930353750740981854e-03
8.290000000000000000e+02 1.585839099304305142e-03
8.300000000000000000e+02 1.281715040745798773e-03
8.310000000000000000e+02 1.020780150510550632e-03
8.320000000000000000e+02 8.033723285100437175e-04
8.330000000000000000e+02 6.277689582087194126e-04
8.340000000000000000e+02 4.904978773045133274e-04
8.350000000000000000e+02 3.867636126498893534e-04
8.360000000000000000e+02 3.111043221460842037e-04
8.370000000000000000e+02 2.580123240105870329e-04
8.380000000000000000e+02 2.223363838864995544e-04
8.390000000000000000e+02 1.995278469913859250e-04
8.400000000000000000e+02 1.857702785059958857e-04
8.410000000000000000e+02 1.779911382864704473e-04
8.420000000000000000e+02 1.738119674890533967e-04
8.430000000000000000e+02 1.714756732796368025e-04
8.440000000000000000e+02 1.697491409768404620e-04
8.450000000000000000e+02 1.678190693679930531e-04
8.460000000000000000e+02 1.652109113641074165e-04
8.470000000000000000e+02 1.617250529520235583e-04
8.480000000000000000e+02 1.573674820770889951e-04
8.490000000000000000e+02 1.522794463454396228e-04
