1.000000000000000000e+02 5.455215982579051672e-06
1.040000000000000000e+02 1.181837859832400945e-05
1.080000000000000000e+02 2.400710257181704310e-05
1.120000000000000000e+02 4.605366577379811286e-05
1.160000000000000000e+02 8.394635320542578926e-05
1.200000000000000000e+02 1.461707633587289753e-04
1.240000000000000000e+02 2.442556267431004232e-04
1.280000000000000000e+02 3.932808242201041435e-04
1.320000000000000000e+02 6.123045018767731430e-04
1.360000000000000000e+02 9.246700526449408647e-04
1.400000000000000000e+02 1.358161535978444009e-03
1.440000000000000000e+02 1.944986649359790225e-03
1.480000000000000000e+02 2.721578274733015956e-03
1.520000000000000000e+02 3.728217567351274284e-03
1.560000000000000000e+02 5.008492412781265571e-03
1.600000000000000000e+02 6.608614034335738747e-03
1.640000000000000000e+02 8.576621106750670354e-03
1.680000000000000000e+02 1.096150475359542083e-02
1.720000000000000000e+02 1.381228936500453024e-02
1.760000000000000000e+02 1.717710354706485781e-02
1.800000000000000000e+02 2.110227310070718343e-02
1.840000000000000000e+02 2.563146417659223700e-02
1.880000000000000000e+02 3.080490011647165141e-02
1.920000000000000000e+02 3.665867038958645074e-02
1.960000000000000000e+02 4.322414482534908675e-02
2.000000000000000000e+02 5.052750132089962876e-02
2.040000000000000000e+02 5.858937058088712485e-02
2.080000000000000000e+02 6.742459737396108710e-02
2.120000000000000000e+02 7.704211435108572481e-02
2.160000000000000000e+02 8.744492169824730210e-02
2.200000000000000000e+02 9.863016378288815000e-02
2.240000000000000000e+02 1.105892924616582867e-01
2.280000000000000000e+02 1.233083057882998212e-01
2.320000000000000000e+02 1.367680504236696293e-01
2.360000000000000000e+02 1.509445760282437654e-01
2.400000000000000000e+02 1.658095302335710897e-01
2.440000000000000000e+02 1.813305833688154123e-01
2.480000000000000000e+02 1.974718728934684864e-01
2.520000000000000000e+02 2.141944583965059712e-01
2.560000000000000000e+02 2.314567790130983294e-01
2.600000000000000000e+02 2.492151061381390198e-01
2.640000000000000000e+02 2.674239853452730631e-01
2.680000000000000000e+02 2.860366624223006915e-01
2.720000000000000000e+02 3.050054893872787831e-01
2.760000000000000000e+02 3.242823072387164829e-01
2.800000000000000000e+02 3.438188030077721224e-01
2.840000000000000000e+02 3.635668394140537107e-01
2.880000000000000000e+02 3.834787560772716652e-01
2.920000000000000000e+02 4.035076418045998037e-01
2.960000000000000000e+02 4.236075779608360903e-01
3.000000000000000000e+02 4.437338533391927409e-01
3.040000000000000000e+02 4.638431512899034437e-01
3.080000000000000000e+02 4.838937101377977501e-01
3.120000000000000000e+02 5.038454581345107597e-01
3.160000000000000000e+02 5.236601243526807226e-01
3.200000000000000000e+02 5.433013270444936316e-01
3.240000000000000000e+02 5.627346410612750205e-01
3.280000000000000000e+02 5.819276459704115778e-01
3.320000000000000000e+02 6.008499565159427513e-01
3.360000000000000000e+02 6.194732370546105482e-01
3.400000000000000000e+02 6.377712015645649046e-01
3.440000000000000000e+02 6.557196007731538323e-01
3.480000000000000000e+02 6.732961978868965414e-01
3.520000000000000000e+02 6.904807343339705028e-01
3.560000000000000000e+02 7.072548868499112240e-01
3.600000000000000000e+02 7.236022171532380254e-01
3.640000000000000000e+02 7.395081153710840738e-01
3.680000000000000000e+02 7.549597382875186113e-01
3.720000000000000000e+02 7.699459434002245972e-01
3.760000000000000000e+02 7.844572196858344837e-01
3.800000000000000000e+02 7.984856158912606583e-01
3.840000000000000000e+02 8.120246670885197249e-01
3.880000000000000000e+02 8.250693201543528588e-01
3.920000000000000000e+02 8.376158587637946296e-01
3.960000000000000000e+02 8.496618284188327541e-01
4.000000000000000000e+02 8.612059619698028134e-01
4.040000000000000000e+02 8.722481060279895226e-01
4.080000000000000000e+02 8.827891486132274368e-01
4.120000000000000000e+02 8.928309483299574634e-01
4.160000000000000000e+02 9.023762653190370298e-01
4.200000000000000000e+02 9.114286941906151185e-01
4.240000000000000000e+02 9.199925991052145813e-01
4.280000000000000000e+02 9.280730511357638823e-01
4.320000000000000000e+02 9.356757680123880538e-01
4.360000000000000000e+02 9.428070563241274238e-01
4.400000000000000000e+02 9.494737562271990949e-01
4.440000000000000000e+02 9.556831886876699933e-01
4.480000000000000000e+02 9.614431052673275691e-01
4.520000000000000000e+02 9.667616404448847733e-01
4.560000000000000000e+02 9.716472664502012746e-01
4.600000000000000000e+02 9.761087505767992445e-01
4.640000000000000000e+02 9.801551149273906027e-01
4.680000000000000000e+02 9.837955985382487167e-01
4.720000000000000000e+02 9.870396218208903338e-01
4.760000000000000000e+02 9.898967532535034586e-01
4.800000000000000000e+02 9.923766782497501771e-01
4.840000000000000000e+02 9.944891701289041430e-01
4.880000000000000000e+02 9.962440631084704679e-01
4.920000000000000000e+02 9.976512272385701374e-01
4.960000000000000000e+02 9.987205451962177793e-01
5.000000000000000000e+02 9.994618908570986893e-01
5.040000000000000000e+02 9.998851095625510554e-01
5.080000000000000000e+02 1.000000000000000000e+00
5.120000000000000000e+02 9.998162976160493987e-01
5.160000000000000000e+02 9.993436594828326580e-01
5.200000000000000000e+02 9.985916505397941512e-01
5.240000000000000000e+02 9.975697311349845942e-01
5.280000000000000000e+02 9.962872457920652902e-01
5.320000000000000000e+02 9.947534131313906514e-01
5.360000000000000000e+02 9.929773168760189783e-01
5.400000000000000000e+02 9.909678978758413859e-01
5.440000000000000000e+02 9.887339470856747470e-01
5.480000000000000000e+02 9.862840994356522062e-01
5.520000000000000000e+02 9.836268285348774842e-01
5.560000000000000000e+02 9.807704421518943505e-01
5.600000000000000000e+02 9.777230784181060175e-01
5.640000000000000000e+02 9.744927027028336131e-01
5.680000000000000000e+02 9.710871051112183183e-01
5.720000000000000000e+02 9.675138985586129170e-01
5.760000000000000000e+02 9.637805173775617629e-01
5.800000000000000000e+02 9.598942164157513446e-01
5.840000000000000000e+02 9.558620705856462063e-01
5.880000000000000000e+02 9.516909748286822568e-01
5.920000000000000000e+02 9.473876444590310086e-01
5.960000000000000000e+02 9.429586158540088636e-01
6.000000000000000000e+02 9.384102474601238031e-01
6.040000000000000000e+02 9.337487210857186026e-01
6.080000000000000000e+02 9.289800434528929785e-01
6.120000000000000000e+02 9.241100479831598768e-01
6.160000000000000000e+02 9.191443967929466830e-01
6.200000000000000000e+02 9.140885828765745735e-01
6.240000000000000000e+02 9.089479324558994433e-01
6.280000000000000000e+02 9.037276074771698475e-01
6.320000000000000000e+02 8.984326082370369670e-01
6.360000000000000000e+02 8.930677761209017129e-01
6.400000000000000000e+02 8.876377964380026686e-01
6.440000000000000000e+02 8.821472013387992028e-01
6.480000000000000000e+02 8.766003728012500273e-01
6.520000000000000000e+02 8.710015456736479589e-01
6.560000000000000000e+02 8.653548107625804731e-01
6.600000000000000000e+02 8.596641179555297718e-01
6.640000000000000000e+02 8.539332793684371037e-01
6.680000000000000000e+02 8.481659725093796398e-01
6.720000000000000000e+02 8.423657434502348496e-01
6.760000000000000000e+02 8.365360099989203047e-01
6.800000000000000000e+02 8.306800648654387720e-01
6.840000000000000000e+02 8.248010788155809569e-01
6.880000000000000000e+02 8.189021038067142433e-01
6.920000000000000000e+02 8.129860761005994751e-01
6.960000000000000000e+02 8.070558193487132881e-01
7.000000000000000000e+02 8.011140476459673865e-01
7.040000000000000000e+02 7.951633685492019987e-01
7.080000000000000000e+02 7.892062860571993355e-01
7.120000000000000000e+02 7.832452035493329134e-01
7.160000000000000000e+02 7.772824266803526339e-01
7.200000000000000000e+02 7.713201662290682936e-01
7.240000000000000000e+02 7.653605408990543646e-01
7.280000000000000000e+02 7.594055800697201430e-01
7.320000000000000000e+02 7.534572264963793620e-01
7.360000000000000000e+02 7.475173389581604155e-01
7.400000000000000000e+02 7.415876948528461465e-01
7.440000000000000000e+02 7.356699927378819170e-01
7.480000000000000000e+02 7.297658548170296022e-01
7.520000000000000000e+02 7.238768293722600555e-01
7.560000000000000000e+02 7.180043931406593360e-01
7.600000000000000000e+02 7.121499536362625449e-01
7.640000000000000000e+02 7.063148514168215986e-01
7.680000000000000000e+02 7.005003622956871290e-01
7.720000000000000000e+02 6.947076994990259990e-01
7.760000000000000000e+02 6.889380157687354789e-01
7.800000000000000000e+02 6.831924054114807410e-01
7.840000000000000000e+02 6.774719062943503900e-01
7.880000000000000000e+02 6.717775017877221089e-01
7.920000000000000000e+02 6.661101226559523747e-01
7.960000000000000000e+02 6.604706488965924605e-01
8.000000000000000000e+02 6.548599115288554762e-01
8.040000000000000000e+02 6.492786943321166016e-01
8.080000000000000000e+02 6.437277355352510888e-01
8.120000000000000000e+02 6.382077294576632420e-01
8.160000000000000000e+02 6.327193281028592464e-01
8.200000000000000000e+02 6.272631427054721209e-01
8.240000000000000000e+02 6.218397452326287489e-01
8.280000000000000000e+02 6.164496698405946828e-01
8.320000000000000000e+02 6.110934142876263131e-01
8.360000000000000000e+02 6.057714413039669843e-01
8.400000000000000000e+02 6.004841799199414076e-01
8.440000000000000000e+02 5.952320267530898379e-01
8.480000000000000000e+02 5.900153472552988054e-01
8.520000000000000000e+02 5.848344769208700944e-01
8.560000000000000000e+02 5.796897224564753204e-01
8.600000000000000000e+02 5.745813629139343570e-01
8.640000000000000000e+02 5.695096507867508651e-01
8.680000000000000000e+02 5.644748130713258538e-01
8.720000000000000000e+02 5.594770522937670965e-01
8.760000000000000000e+02 5.545165475031959001e-01
8.800000000000000000e+02 5.495934552324448497e-01
8.840000000000000000e+02 5.447079104270261540e-01
8.880000000000000000e+02 5.398600273432363483e-01
8.920000000000000000e+02 5.350499004162551087e-01
8.960000000000000000e+02 5.302776050990695156e-01
9.000000000000000000e+02 5.255431986730535465e-01
9.040000000000000000e+02 5.208467210310128159e-01
9.080000000000000000e+02 5.161881954334783806e-01
9.120000000000000000e+02 5.115676292390430868e-01
9.160000000000000000e+02 5.069850146094835308e-01
9.200000000000000000e+02 5.024403291904298019e-01
9.240000000000000000e+02 4.979335367682988789e-01
9.280000000000000000e+02 4.934645879042152128e-01
9.320000000000000000e+02 4.890334205456052796e-01
9.360000000000000000e+02 4.846399606161572726e-01
9.400000000000000000e+02 4.802841225847951367e-01
9.440000000000000000e+02 4.759658100143333015e-01
9.480000000000000000e+02 4.716849160904265092e-01
9.520000000000000000e+02 4.674413241314393508e-01
9.560000000000000000e+02 4.632349080798381369e-01
9.600000000000000000e+02 4.590655329756805347e-01
9.640000000000000000e+02 4.549330554127798409e-01
9.680000000000000000e+02 4.508373239780962272e-01
9.720000000000000000e+02 4.467781796748884759e-01
9.760000000000000000e+02 4.427554563301596136e-01
9.800000000000000000e+02 4.387689809868988156e-01
9.840000000000000000e+02 4.348185742816183530e-01
9.880000000000000000e+02 4.309040508076653064e-01
9.920000000000000000e+02 4.270252194647786159e-01
9.960000000000000000e+02 4.231818837953432166e-01
1.000000000000000000e+03 4.193738423077847943e-01
1.004000000000000000e+03 4.156008887875304314e-01
1.008000000000000000e+03 4.118628125959552522e-01
1.012000000000000000e+03 4.081593989577149140e-01
1.016000000000000000e+03 4.044904292368558529e-01
1.020000000000000000e+03 4.008556812020859228e-01
1.024000000000000000e+03 3.972549292815696353e-01
1.028000000000000000e+03 3.936879448076083809e-01
1.032000000000000000e+03 3.901544962515493542e-01
1.036000000000000000e+03 3.866543494492586941e-01
1.040000000000000000e+03 3.831872678174860769e-01
1.044000000000000000e+03 3.797530125614340668e-01
1.048000000000000000e+03 3.763513428738377020e-01
1.052000000000000000e+03 3.729820161258469713e-01
1.056000000000000000e+03 3.696447880500062788e-01
1.060000000000000000e+03 3.663394129155966294e-01
1.064000000000000000e+03 3.630656436966199219e-01
1.068000000000000000e+03 3.598232322326784804e-01
1.072000000000000000e+03 3.566119293829995152e-01
1.076000000000000000e+03 3.534314851738576402e-01
1.080000000000000000e+03 3.502816489396169963e-01
1.084000000000000000e+03 3.471621694576330075e-01
1.088000000000000000e+03 3.440727950772268784e-01
1.092000000000000000e+03 3.410132738429469956e-01
1.096000000000000000e+03 3.379833536123272308e-01
1.100000000000000000e+03 3.349827821683352136e-01
1.104000000000000000e+03 3.320113073267086379e-01
1.108000000000000000e+03 3.290686770383642323e-01
1.112000000000000000e+03 3.261546394870558085e-01
1.116000000000000000e+03 3.232689431824642967e-01
1.120000000000000000e+03 3.204113370488774204e-01
1.124000000000000000e+03 3.175815705096300401e-01
1.128000000000000000e+03 3.147793935674583210e-01
1.132000000000000000e+03 3.120045568809195480e-01
1.136000000000000000e+03 3.092568118370276342e-01
1.140000000000000000e+03 3.065359106202397710e-01
1.144000000000000000e+03 3.038416062779398796e-01
1.148000000000000000e+03 3.011736527825422116e-01
1.152000000000000000e+03 2.985318050903491005e-01
1.156000000000000000e+03 2.959158191972844909e-01
1.160000000000000000e+03 2.933254521916188740e-01
1.164000000000000000e+03 2.907604623038095304e-01
1.168000000000000000e+03 2.882206089535550575e-01
1.172000000000000000e+03 2.857056527941823632e-01
1.176000000000000000e+03 2.832153557544636047e-01
1.180000000000000000e+03 2.807494810779626038e-01
1.184000000000000000e+03 2.783077933600132114e-01
1.188000000000000000e+03 2.758900585824143881e-01
1.192000000000000000e+03 2.734960441459384772e-01
1.196000000000000000e+03 2.711255189007346633e-01
1.200000000000000000e+03 2.687782531747165415e-01
1.204000000000000000e+03 2.664540188000082410e-01
1.208000000000000000e+03 2.641525891375312574e-01
1.212000000000000000e+03 2.618737390998061021e-01
1.216000000000000000e+03 2.596172451720403784e-01
1.220000000000000000e+03 2.573828854315736714e-01
1.224000000000000000e+03 2.551704395657474200e-01
1.228000000000000000e+03 2.529796888882624439e-01
1.232000000000000000e+03 2.508104163540894049e-01
1.236000000000000000e+03 2.486624065729911570e-01
1.240000000000000000e+03 2.465354458217150213e-01
1.244000000000000000e+03 2.444293220549117740e-01
1.248000000000000000e+03 2.423438249148357482e-01
1.252000000000000000e+03 2.402787457398762316e-01
1.256000000000000000e+03 2.382338775719734791e-01
1.260000000000000000e+03 2.362090151629651358e-01
1.264000000000000000e+03 2.342039549799103948e-01
1.268000000000000000e+03 2.322184952094385746e-01
1.272000000000000000e+03 2.302524357611622496e-01
1.276000000000000000e+03 2.283055782701992886e-01
1.280000000000000000e+03 2.263777260988433515e-01
1.284000000000000000e+03 2.244686843374210095e-01
1.288000000000000000e+03 2.225782598043722360e-01
1.292000000000000000e+03 2.207062610455926277e-01
1.296000000000000000e+03 2.188524983330690510e-01
1.300000000000000000e+03 2.170167836628430769e-01
1.304000000000000000e+03 2.151989307523354544e-01
1.308000000000000000e+03 2.133987550370598785e-01
1.312000000000000000e+03 2.116160736667583309e-01
1.316000000000000000e+03 2.098507055009852240e-01
1.320000000000000000e+03 2.081024711041668251e-01
1.324000000000000000e+03 2.063711927401654656e-01
1.328000000000000000e+03 2.046566943663703786e-01
1.332000000000000000e+03 2.029588016273417561e-01
1.336000000000000000e+03 2.012773418480318932e-01
1.340000000000000000e+03 1.996121440266032665e-01
1.344000000000000000e+03 1.979630388268697194e-01
1.348000000000000000e+03 1.963298585703769639e-01
1.352000000000000000e+03 1.947124372281456572e-01
1.356000000000000000e+03 1.931106104120956790e-01
1.360000000000000000e+03 1.915242153661686209e-01
1.364000000000000000e+03 1.899530909571690573e-01
1.368000000000000000e+03 1.883970776653391133e-01
1.372000000000000000e+03 1.868560175746839802e-01
1.376000000000000000e+03 1.853297543630649802e-01
1.380000000000000000e+03 1.838181332920725553e-01
1.384000000000000000e+03 1.823210011966977795e-01
1.388000000000000000e+03 1.808382064748124962e-01
1.392000000000000000e+03 1.793695990764737347e-01
1.396000000000000000e+03 1.779150304930650350e-01
1.400000000000000000e+03 1.764743537462851453e-01
1.404000000000000000e+03 1.750474233770003274e-01
1.408000000000000000e+03 1.736340954339650744e-01
1.412000000000000000e+03 1.722342274624288627e-01
1.416000000000000000e+03 1.708476784926338810e-01
1.420000000000000000e+03 1.694743090282177234e-01
1.424000000000000000e+03 1.681139810345281815e-01
1.428000000000000000e+03 1.667665579268595988e-01
1.432000000000000000e+03 1.654319045586211678e-01
1.436000000000000000e+03 1.641098872094427230e-01
1.440000000000000000e+03 1.628003735732296842e-01
1.444000000000000000e+03 1.615032327461710937e-01
1.448000000000000000e+03 1.602183352147101003e-01
1.452000000000000000e+03 1.589455528434851050e-01
1.456000000000000000e+03 1.576847588632441788e-01
1.460000000000000000e+03 1.564358278587444362e-01
1.464000000000000000e+03 1.551986357566374208e-01
1.468000000000000000e+03 1.539730598133502715e-01
1.472000000000000000e+03 1.527589786029660834e-01
1.476000000000000000e+03 1.515562720051090995e-01
1.480000000000000000e+03 1.503648211928400591e-01
1.484000000000000000e+03 1.491845086205667859e-01
1.488000000000000000e+03 1.480152180119738980e-01
1.492000000000000000e+03 1.468568343479765836e-01
1.496000000000000000e+03 1.457092438547020474e-01
1.500000000000000000e+03 1.445723339915031269e-01
1.504000000000000000e+03 1.434459934390076297e-01
1.508000000000000000e+03 1.423301120872065284e-01
1.512000000000000000e+03 1.412245810235850663e-01
1.516000000000000000e+03 1.401292925212998253e-01
1.520000000000000000e+03 1.390441400274037564e-01
1.524000000000000000e+03 1.379690181511236402e-01
1.528000000000000000e+03 1.369038226521918089e-01
1.532000000000000000e+03 1.358484504292346573e-01
1.536000000000000000e+03 1.348027995082203001e-01
1.540000000000000000e+03 1.337667690309681245e-01
1.544000000000000000e+03 1.327402592437219309e-01
1.548000000000000000e+03 1.317231714857891312e-01
1.552000000000000000e+03 1.307154081782468946e-01
1.556000000000000000e+03 1.297168728127189030e-01
1.560000000000000000e+03 1.287274699402213840e-01
1.564000000000000000e+03 1.277471051600837515e-01
1.568000000000000000e+03 1.267756851089421599e-01
1.572000000000000000e+03 1.258131174498081373e-01
1.576000000000000000e+03 1.248593108612152808e-01
1.580000000000000000e+03 1.239141750264422109e-01
1.584000000000000000e+03 1.229776206228155588e-01
1.588000000000000000e+03 1.220495593110922372e-01
1.592000000000000000e+03 1.211299037249222860e-01
1.596000000000000000e+03 1.202185674603943183e-01
1.600000000000000000e+03 1.193154650656619437e-01
1.604000000000000000e+03 1.184205120306544567e-01
1.608000000000000000e+03 1.175336247768699049e-01
1.612000000000000000e+03 1.166547206472536291e-01
1.616000000000000000e+03 1.157837178961606539e-01
1.620000000000000000e+03 1.149205356794030380e-01
1.624000000000000000e+03 1.140650940443832806e-01
1.628000000000000000e+03 1.132173139203128398e-01
1.632000000000000000e+03 1.123771171085172632e-01
1.636000000000000000e+03 1.115444262728269853e-01
1.640000000000000000e+03 1.107191649300546532e-01
1.644000000000000000e+03 1.099012574405592718e-01
1.648000000000000000e+03 1.090906289988961275e-01
1.652000000000000000e+03 1.082872056245542808e-01
1.656000000000000000e+03 1.074909141527797818e-01
1.660000000000000000e+03 1.067016822254856917e-01
1.664000000000000000e+03 1.059194382822487568e-01
1.668000000000000000e+03 1.051441115513919444e-01
1.672000000000000000e+03 1.043756320411535349e-01
1.676000000000000000e+03 1.036139305309418390e-01
1.680000000000000000e+03 1.028589385626761110e-01
1.684000000000000000e+03 1.021105884322121016e-01
1.688000000000000000e+03 1.013688131808542781e-01
1.692000000000000000e+03 1.006335465869513390e-01
1.696000000000000000e+03 9.990472315757764621e-02
1.700000000000000000e+03 9.918227812029832557e-02
1.704000000000000000e+03 9.846614741501825974e-02
1.708000000000000000e+03 9.775626768591515192e-02
1.712000000000000000e+03 9.705257627345499627e-02
1.716000000000000000e+03 9.635501120649074547e-02
1.720000000000000000e+03 9.566351119444331530e-02
1.724000000000000000e+03 9.497801561956403793e-02
1.728000000000000000e+03 9.429846452927875822e-02
1.732000000000000000e+03 9.362479862861265711e-02
1.736000000000000000e+03 9.295695927269577441e-02
1.740000000000000000e+03 9.229488845934781527e-02
1.744000000000000000e+03 9.163852882174294834e-02
1.748000000000000000e+03 9.098782362115297173e-02
1.752000000000000000e+03 9.034271673976880523e-02
1.756000000000000000e+03 8.970315267360021161e-02
1.760000000000000000e+03 8.906907652545187348e-02
1.764000000000000000e+03 8.844043399797663074e-02
1.768000000000000000e+03 8.781717138680478207e-02
1.772000000000000000e+03 8.719923557374828493e-02
1.776000000000000000e+03 8.658657402008056170e-02
1.780000000000000000e+03 8.597913475988984422e-02
1.784000000000000000e+03 8.537686639350672291e-02
1.788000000000000000e+03 8.477971808100449869e-02
1.792000000000000000e+03 8.418763953577185211e-02
1.796000000000000000e+03 8.360058101815780185e-02
1.800000000000000000e+03 8.301849332918738444e-02
1.804000000000000000e+03 8.244132780434824948e-02
1.808000000000000000e+03 8.186903630744706006e-02
1.812000000000000000e+03 8.130157122453535168e-02
1.816000000000000000e+03 8.073888545790428029e-02
1.820000000000000000e+03 8.018093242014699695e-02
1.824000000000000000e+03 7.962766602828906526e-02
1.828000000000000000e+03 7.907904069798525615e-02
1.832000000000000000e+03 7.853501133778302556e-02
1.836000000000000000e+03 7.799553334345130096e-02
1.840000000000000000e+03 7.746056259237406316e-02
1.844000000000000000e+03 7.693005543800891799e-02
1.848000000000000000e+03 7.640396870440854804e-02
1.852000000000000000e+03 7.588225968080615502e-02
1.856000000000000000e+03 7.536488611626242229e-02
1.860000000000000000e+03 7.485180621437520498e-02
1.864000000000000000e+03 7.434297862804986612e-02
1.868000000000000000e+03 7.383836245433050838e-02
1.872000000000000000e+03 7.333791722929101919e-02
1.876000000000000000e+03 7.284160292298556827e-02
1.880000000000000000e+03 7.234937993445811344e-02
1.884000000000000000e+03 7.186120908680947161e-02
1.888000000000000000e+03 7.137705162232262091e-02
1.892000000000000000e+03 7.089686919764455475e-02
1.896000000000000000e+03 7.042062387902442433e-02
1.900000000000000000e+03 6.994827813760773338e-02
1.904000000000000000e+03 6.947979484478547518e-02
1.908000000000000000e+03 6.901513726759789247e-02
1.912000000000000000e+03 6.855426906419224975e-02
1.916000000000000000e+03 6.809715427933386855e-02
1.920000000000000000e+03 6.764375733997006479e-02
1.924000000000000000e+03 6.719404305084651641e-02
1.928000000000000000e+03 6.674797659017492335e-02
1.932000000000000000e+03 6.630552350535198758e-02
1.936000000000000000e+03 6.586664970872897762e-02
1.940000000000000000e+03 6.543132147343103111e-02
1.944000000000000000e+03 6.499950542922615371e-02
1.948000000000000000e+03 6.457116855844285963e-02
1.952000000000000000e+03 6.414627819193642611e-02
1.956000000000000000e+03 6.372480200510240167e-02
1.960000000000000000e+03 6.330670801393784020e-02
1.964000000000000000e+03 6.289196457114920591e-02
1.968000000000000000e+03 6.248054036230604041e-02
1.972000000000000000e+03 6.207240440204068316e-02
1.976000000000000000e+03 6.166752603029283103e-02
1.980000000000000000e+03 6.126587490859928403e-02
1.984000000000000000e+03 6.086742101642675373e-02
1.988000000000000000e+03 6.047213464754919166e-02
1.992000000000000000e+03 6.007998640646798616e-02
1.996000000000000000e+03 5.969094720487428535e-02
2.000000000000000000e+03 5.930498825815389008e-02
