3.449800000000000182e+02 1.266814109444884817e-01
3.455705105105105304e+02 1.280459363803568285e-01
3.461610210210210425e+02 1.290444887307187483e-01
3.467515315315315547e+02 1.292821486449893531e-01
3.473420420420420669e+02 1.288305640551095088e-01
3.479325525525525791e+02 1.283703310063162017e-01
3.485230630630630912e+02 1.280414515595006686e-01
3.491135735735736034e+02 1.278405715661259934e-01
3.497040840840841156e+02 1.278262951667601399e-01
3.502945945945946278e+02 1.278943212543552643e-01
3.508851051051051400e+02 1.280507523525059033e-01
3.514756156156156521e+02 1.284488731841765263e-01
3.520661261261261643e+02 1.290266688407683826e-01
3.526566366366366765e+02 1.298255134297447433e-01
3.532471471471471887e+02 1.305155785805953983e-01
3.538376576576577008e+02 1.309490705318715198e-01
3.544281681681682130e+02 1.309127261785932028e-01
3.550186786786787252e+02 1.304711559232414331e-01
3.556091891891891805e+02 1.300931039087985241e-01
3.561996996996996927e+02 1.297381390887329400e-01
3.567902102102102049e+02 1.292440926194609041e-01
3.573807207207207171e+02 1.288555009631517645e-01
3.579712312312312292e+02 1.288283664792824745e-01
3.585617417417417414e+02 1.290557888504040296e-01
3.591522522522522536e+02 1.295289284990948642e-01
3.597427627627627658e+02 1.300003264596657770e-01
3.603332732732732779e+02 1.301926614580208030e-01
3.609237837837837901e+02 1.302070114114813604e-01
3.615142942942943023e+02 1.298679993969675817e-01
3.621048048048048145e+02 1.290026779746403784e-01
3.626953153153153266e+02 1.282746052430996098e-01
3.632858258258258388e+02 1.280807926991282542e-01
3.638763363363363510e+02 1.285268292436021476e-01
3.644668468468468632e+02 1.294325450104771291e-01
3.650573573573573753e+02 1.301207482979399033e-01
3.656478678678678875e+02 1.299647205856462595e-01
3.662383783783783997e+02 1.289619271502646380e-01
3.668288888888889119e+02 1.274578242945786088e-01
3.674193993993994241e+02 1.265030014673772241e-01
3.680099099099099362e+02 1.264675156294490788e-01
3.686004204204204484e+02 1.268352616229876384e-01
3.691909309309309606e+02 1.274369902591043768e-01
3.697814414414414728e+02 1.283485088128925866e-01
3.703719519519519849e+02 1.292508138174398580e-01
3.709624624624624971e+02 1.298196213336897387e-01
3.715529729729730093e+02 1.297849927320736396e-01
3.721434834834835215e+02 1.295728901057691673e-01
3.727339939939940336e+02 1.297267827691895581e-01
3.733245045045045458e+02 1.301025962241669776e-01
3.739150150150150580e+02 1.302694537296618382e-01
3.745055255255255702e+02 1.299543786611771223e-01
3.750960360360360255e+02 1.293096454575361764e-01
3.756865465465465377e+02 1.288333854547102086e-01
3.762770570570570499e+02 1.288497267804389612e-01
3.768675675675675620e+02 1.291566698780974576e-01
3.774580780780780742e+02 1.294928982442034304e-01
3.780485885885885864e+02 1.295888988771217443e-01
3.786390990990990986e+02 1.292181388194222069e-01
3.792296096096096107e+02 1.285315032321494022e-01
3.798201201201201229e+02 1.278775601391803629e-01
3.804106306306306351e+02 1.278811100574986925e-01
3.810011411411411473e+02 1.281334650033174594e-01
3.815916516516516594e+02 1.282759945551013303e-01
3.821821621621621716e+02 1.283910515320557111e-01
3.827726726726726838e+02 1.285826816605359357e-01
3.833631831831831960e+02 1.288627066929416976e-01
3.839536936936937082e+02 1.292520951723426514e-01
3.845442042042042203e+02 1.297022677555808856e-01
3.851347147147147325e+02 1.301544723489985456e-01
3.857252252252252447e+02 1.304002815234908963e-01
3.863157357357357569e+02 1.304261354316884058e-01
3.869062462462462690e+02 1.303372564880851125e-01
3.874967567567567812e+02 1.300040947012482129e-01
3.880872672672672934e+02 1.295111442436414906e-01
3.886777777777778056e+02 1.290957626692151028e-01
3.892682882882883177e+02 1.287992202483369542e-01
3.898587987987988299e+02 1.286009787180252550e-01
3.904493093093093421e+02 1.285586023686960400e-01
3.910398198198198543e+02 1.287323152487746813e-01
3.916303303303303665e+02 1.289877869991178927e-01
3.922208408408408786e+02 1.293546218121207902e-01
3.928113513513513908e+02 1.294288414348438720e-01
3.934018618618619030e+02 1.291585501895752830e-01
3.939923723723724152e+02 1.289685426076337404e-01
3.945828828828829273e+02 1.290499085122372713e-01
3.951733933933934395e+02 1.294591956375502895e-01
3.957639039039039517e+02 1.298772184485400549e-01
3.963544144144144639e+02 1.297790379979140152e-01
3.969449249249249192e+02 1.291394906627433004e-01
3.975354354354354314e+02 1.284708887980084702e-01
3.981259459459459435e+02 1.281266764541502401e-01
3.987164564564564557e+02 1.281050730249293501e-01
3.993069669669669679e+02 1.281273118834432845e-01
3.998974774774774801e+02 1.281120153271261830e-01
4.004879879879879923e+02 1.280774593195734834e-01
4.010784984984985044e+02 1.282208860817164175e-01
4.016690090090090166e+02 1.286354884182137337e-01
4.022595195195195288e+02 1.290976303236059386e-01
4.028500300300300410e+02 1.293845006249275120e-01
4.034405405405405531e+02 1.292944482437067000e-01
4.040310510510510653e+02 1.290244315359684035e-01
4.046215615615615775e+02 1.288802850195281402e-01
4.052120720720720897e+02 1.287607711928549226e-01
4.058025825825826018e+02 1.287094569721618786e-01
4.063930930930931140e+02 1.289413837236716986e-01
4.069836036036036262e+02 1.293530557469518005e-01
4.075741141141141384e+02 1.298122574698604148e-01
4.081646246246246506e+02 1.302556822459947639e-01
4.087551351351351627e+02 1.304267810078092171e-01
4.093456456456456749e+02 1.302280586015333586e-01
4.099361561561561871e+02 1.298838625188417639e-01
4.105266666666666993e+02 1.294610899623227507e-01
4.111171771771772114e+02 1.289700618644926133e-01
4.117076876876877236e+02 1.284741325158560155e-01
4.122981981981982358e+02 1.281973026042001751e-01
4.128887087087087480e+02 1.281414408081076872e-01
4.134792192192192033e+02 1.283297235477066645e-01
4.140697297297297155e+02 1.287729804349554974e-01
4.146602402402402276e+02 1.290047184328778906e-01
4.152507507507507398e+02 1.288426351885096910e-01
4.158412612612612520e+02 1.286148856181222044e-01
4.164317717717717642e+02 1.286742783497104026e-01
4.170222822822822764e+02 1.287213564197564331e-01
4.176127927927927885e+02 1.282948953292087357e-01
4.182033033033033007e+02 1.274902672949248250e-01
4.187938138138138129e+02 1.267605216261288581e-01
4.193843243243243251e+02 1.267130218395511321e-01
4.199748348348348372e+02 1.273239663664825216e-01
4.205653453453453494e+02 1.279775782755131763e-01
4.211558558558558616e+02 1.284054939418266539e-01
4.217463663663663738e+02 1.288233768893631559e-01
4.223368768768768859e+02 1.292982339563373551e-01
4.229273873873873981e+02 1.298902527612601498e-01
4.235178978978979103e+02 1.303227969417047327e-01
4.241084084084084225e+02 1.305382627976770238e-01
4.246989189189189347e+02 1.306850435459537829e-01
4.252894294294294468e+02 1.310118381338247207e-01
4.258799399399399590e+02 1.312492476111067341e-01
4.264704504504504712e+02 1.310681690335957772e-01
4.270609609609609834e+02 1.301152505789286984e-01
4.276514714714714955e+02 1.285470466935739187e-01
4.282419819819820077e+02 1.272214201670729683e-01
4.288324924924925199e+02 1.267103024335808070e-01
4.294230030030030321e+02 1.268406488973302382e-01
4.300135135135135442e+02 1.272723127957093303e-01
4.306040240240240564e+02 1.276511707608545820e-01
4.311945345345345686e+02 1.279365299131412226e-01
4.317850450450450808e+02 1.284783680834801212e-01
4.323755555555555929e+02 1.291037381623389713e-01
4.329660660660661051e+02 1.295722949785040046e-01
4.335565765765766173e+02 1.298274378768948245e-01
4.341470870870871295e+02 1.301077490830730432e-01
4.347375975975976417e+02 1.304835614231081020e-01
4.353281081081081538e+02 1.308063027282488078e-01
4.359186186186186660e+02 1.306200613051098636e-01
4.365091291291291782e+02 1.301781428057882106e-01
4.370996396396396904e+02 1.301590291905237728e-01
4.376901501501502025e+02 1.308198067847918533e-01
4.382806606606606579e+02 1.316121106484348102e-01
4.388711711711711700e+02 1.315992565434808970e-01
4.394616816816816822e+02 1.306366201922723458e-01
4.400521921921921944e+02 1.293955738884358386e-01
4.406427027027027066e+02 1.285746307063153904e-01
4.412332132132132188e+02 1.281629802209756086e-01
4.418237237237237309e+02 1.280733684080281320e-01
4.424142342342342431e+02 1.283357084517829372e-01
4.430047447447447553e+02 1.290347880226134503e-01
4.435952552552552675e+02 1.297721202044905264e-01
4.441857657657657796e+02 1.302641750083375072e-01
4.447762762762762918e+02 1.308543675248178273e-01
4.453667867867868040e+02 1.312476789358186791e-01
4.459572972972973162e+02 1.311723665028038111e-01
4.465478078078078283e+02 1.313346409438043982e-01
4.471383183183183405e+02 1.318393692355434299e-01
4.477288288288288527e+02 1.321926793822361113e-01
4.483193393393393649e+02 1.321794749969782135e-01
4.489098498498498770e+02 1.315240771951574350e-01
4.495003603603603892e+02 1.301701402558193832e-01
4.500908708708709014e+02 1.288673838537164329e-01
4.506813813813814136e+02 1.283253687088654615e-01
4.512718918918919258e+02 1.284499242190185464e-01
4.518624024024024379e+02 1.289210361623828460e-01
4.524529129129129501e+02 1.292087292616344307e-01
4.530434234234234623e+02 1.292691327142209412e-01
4.536339339339339176e+02 1.291532214158237213e-01
4.542244444444444298e+02 1.288731774894430748e-01
4.548149549549549420e+02 1.289054201342310080e-01
4.554054654654654541e+02 1.292122314743030520e-01
4.559959759759759663e+02 1.294439947635839805e-01
4.565864864864864785e+02 1.294609578520400650e-01
4.571769969969969907e+02 1.295145264790675543e-01
4.577675075075075029e+02 1.296666360413884778e-01
4.583580180180180150e+02 1.299704362771361421e-01
4.589485285285285272e+02 1.304069493522227452e-01
4.595390390390390394e+02 1.308798397642690903e-01
4.601295495495495516e+02 1.310308525709375504e-01
4.607200600600600637e+02 1.305407401354046482e-01
4.613105705705705759e+02 1.300316186087586701e-01
4.619010810810810881e+02 1.302185870824663916e-01
4.624915915915916003e+02 1.307300005865261461e-01
4.630821021021021124e+02 1.309769964902029460e-01
4.636726126126126246e+02 1.313366877569270841e-01
4.642631231231231368e+02 1.320140787492359580e-01
4.648536336336336490e+02 1.324709719909946681e-01
4.654441441441441611e+02 1.324773318465767846e-01
4.660346546546546733e+02 1.319082596606041269e-01
4.666251651651651855e+02 1.311801238481859200e-01
4.672156756756756977e+02 1.307254614079729205e-01
4.678061861861862099e+02 1.304301672072470941e-01
4.683966966966967220e+02 1.302351868841723770e-01
4.689872072072072342e+02 1.301340140116997168e-01
4.695777177177177464e+02 1.303570339707087189e-01
4.701682282282282586e+02 1.308503553948697218e-01
4.707587387387387707e+02 1.310115960608331798e-01
4.713492492492492829e+02 1.304125989291430865e-01
4.719397597597597951e+02 1.294861644740618045e-01
4.725302702702703073e+02 1.290615037876080562e-01
4.731207807807808194e+02 1.294050217268360448e-01
4.737112912912913316e+02 1.300645370188523720e-01
4.743018018018018438e+02 1.302831359713275128e-01
4.748923123123123560e+02 1.298558155578435069e-01
4.754828228228228681e+02 1.291126245762725944e-01
4.760733333333333803e+02 1.289145099100070802e-01
4.766638438438438925e+02 1.295725166554644314e-01
4.772543543543544047e+02 1.304086716458458250e-01
4.778448648648649169e+02 1.306414729455436241e-01
4.784353753753754290e+02 1.304407061032551440e-01
4.790258858858859412e+02 1.302138924438446255e-01
4.796163963963964534e+02 1.299033197672589957e-01
4.802069069069069656e+02 1.295456025830622193e-01
4.807974174174174777e+02 1.295155451896579657e-01
4.813879279279279331e+02 1.299934459366751116e-01
4.819784384384384452e+02 1.303331056840553170e-01
4.825689489489489574e+02 1.300318057802552496e-01
4.831594594594594696e+02 1.295144510250172964e-01
4.837499699699699818e+02 1.291596963256868291e-01
4.843404804804804940e+02 1.289243147642940290e-01
4.849309909909910061e+02 1.290977074379985323e-01
4.855215015015015183e+02 1.296090445770711475e-01
4.861120120120120305e+02 1.298720665036396105e-01
4.867025225225225427e+02 1.298983365192512562e-01
4.872930330330330548e+02 1.298577390099924511e-01
4.878835435435435670e+02 1.296138653380519978e-01
4.884740540540540792e+02 1.292325784414532497e-01
4.890645645645645914e+02 1.289970215428353217e-01
4.896550750750751035e+02 1.292778139132727544e-01
4.902455855855856157e+02 1.297781386402007964e-01
4.908360960960961279e+02 1.295759842573537546e-01
4.914266066066065832e+02 1.289322730301031839e-01
4.920171171171170954e+02 1.286184446013960980e-01
4.926076276276276076e+02 1.288111869845656177e-01
4.931981381381381198e+02 1.294838240874266189e-01
4.937886486486486319e+02 1.303750679053058692e-01
4.943791591591591441e+02 1.310075940793700988e-01
4.949696696696696563e+02 1.313019108762253917e-01
4.955601801801801685e+02 1.311070703909484603e-01
4.961506906906906806e+02 1.304420580294994303e-01
4.967412012012011928e+02 1.297740450973379200e-01
4.973317117117117050e+02 1.295076574371436251e-01
4.979222222222222172e+02 1.296040927296440159e-01
4.985127327327327293e+02 1.297240262766527208e-01
4.991032432432432415e+02 1.295867116099289895e-01
4.996937537537537537e+02 1.291829904315821287e-01
5.002842642642642659e+02 1.288855008043648664e-01
5.008747747747747781e+02 1.288915754705246830e-01
5.014652852852852902e+02 1.292410397676103107e-01
5.020557957957958024e+02 1.296974642140312217e-01
5.026463063063063146e+02 1.298608771857122923e-01
5.032368168168168268e+02 1.298945364761938670e-01
5.038273273273273389e+02 1.300043518738430992e-01
5.044178378378378511e+02 1.303141826089037336e-01
5.050083483483483633e+02 1.309081227691503979e-01
5.055988588588588755e+02 1.313195255888530422e-01
5.061893693693693876e+02 1.311573273734968348e-01
5.067798798798798998e+02 1.308498600464559902e-01
5.073703903903904120e+02 1.307186301352688262e-01
5.079609009009009242e+02 1.307493188009866414e-01
5.085514114114114363e+02 1.309783299363347364e-01
5.091419219219219485e+02 1.309346187179496745e-01
5.097324324324324607e+02 1.305615029251816217e-01
5.103229429429429729e+02 1.304119732083439120e-01
5.109134534534534851e+02 1.308029721153398939e-01
5.115039639639639972e+02 1.310458664768763271e-01
5.120944744744745094e+02 1.308978388638912249e-01
5.126849849849850216e+02 1.309453885749571334e-01
5.132754954954955338e+02 1.312586490153149210e-01
5.138660060060060459e+02 1.315120653466338718e-01
5.144565165165165581e+02 1.312635327785416917e-01
5.150470270270270703e+02 1.307898846496514944e-01
5.156375375375375825e+02 1.307082431744021889e-01
5.162280480480480946e+02 1.312499955226528736e-01
5.168185585585586068e+02 1.321965349890416030e-01
5.174090690690691190e+02 1.330264728449181699e-01
5.179995795795796312e+02 1.336752299334581229e-01
5.185900900900901433e+02 1.340625094501987358e-01
5.191806006006006555e+02 1.342391730760456037e-01
5.197711111111111677e+02 1.344468619789696562e-01
5.203616216216216799e+02 1.350297631438615864e-01
5.209521321321321921e+02 1.359271871011002997e-01
5.215426426426427042e+02 1.365256838773520887e-01
5.221331531531532164e+02 1.366297564046629054e-01
5.227236636636637286e+02 1.365521242097890164e-01
5.233141741741742408e+02 1.367067909351518395e-01
5.239046846846847529e+02 1.373729697983596121e-01
5.244951951951952651e+02 1.384909065469446532e-01
5.250857057057057773e+02 1.394261401753595919e-01
5.256762162162162895e+02 1.401826552432321182e-01
5.262667267267268016e+02 1.409397760928274845e-01
5.268572372372373138e+02 1.418321535930101573e-01
5.274477477477478260e+02 1.428148047849992497e-01
5.280382582582583382e+02 1.438823897369458094e-01
5.286287687687688504e+02 1.450805228185852447e-01
5.292192792792793625e+02 1.462454656467152003e-01
5.298097897897898747e+02 1.469397124004139521e-01
5.304003003003003869e+02 1.468757550844785875e-01
5.309908108108108991e+02 1.467556309263884362e-01
5.315813213213212975e+02 1.469783343833714062e-01
5.321718318318318097e+02 1.477599468858855902e-01
5.327623423423423219e+02 1.487838019147038060e-01
5.333528528528528341e+02 1.498297616562723478e-01
5.339433633633633463e+02 1.508403044220192613e-01
5.345338738738738584e+02 1.516021117080323666e-01
5.351243843843843706e+02 1.521455568461819452e-01
5.357148948948948828e+02 1.523502823535426987e-01
5.363054054054053950e+02 1.519220293959574197e-01
5.368959159159159071e+02 1.514366228851370400e-01
5.374864264264264193e+02 1.519521085623323498e-01
5.380769369369369315e+02 1.534421984982696219e-01
5.386674474474474437e+02 1.544279227476885175e-01
5.392579579579579558e+02 1.541563302099545618e-01
5.398484684684684680e+02 1.534112756761328022e-01
5.404389789789789802e+02 1.530534575701924527e-01
5.410294894894894924e+02 1.534578488978722011e-01
5.416200000000000045e+02 1.541904059738263000e-01
5.422105105105105167e+02 1.547025781442371017e-01
5.428010210210210289e+02 1.552974376589807137e-01
5.433915315315315411e+02 1.559774419550636060e-01
5.439820420420420533e+02 1.564789541852507349e-01
5.445725525525525654e+02 1.570124755470499178e-01
5.451630630630630776e+02 1.574244392440969642e-01
5.457535735735735898e+02 1.576617604563576580e-01
5.463440840840841020e+02 1.580202866786724336e-01
5.469345945945946141e+02 1.583543224972719099e-01
5.475251051051051263e+02 1.583463415319661949e-01
5.481156156156156385e+02 1.582820094763989216e-01
5.487061261261261507e+02 1.583064609362129227e-01
5.492966366366366628e+02 1.583776010184284322e-01
5.498871471471471750e+02 1.585211180948676579e-01
5.504776576576576872e+02 1.587400575594711816e-01
5.510681681681681994e+02 1.588035381739689167e-01
5.516586786786787115e+02 1.584513383810867426e-01
5.522491891891892237e+02 1.582306342865637538e-01
5.528396996996997359e+02 1.583896794378293615e-01
5.534302102102102481e+02 1.587517685040419624e-01
5.540207207207207603e+02 1.591666000827895722e-01
5.546112312312312724e+02 1.594942453248799352e-01
5.552017417417417846e+02 1.597978400796655207e-01
5.557922522522522968e+02 1.597553464911577736e-01
5.563827627627628090e+02 1.588627176237221439e-01
5.569732732732733211e+02 1.573278190042513569e-01
5.575637837837838333e+02 1.558451981942983178e-01
5.581542942942943455e+02 1.547263153021954385e-01
5.587448048048048577e+02 1.539793503164751109e-01
5.593353153153153698e+02 1.534839849479120721e-01
5.599258258258258820e+02 1.532903404155289695e-01
5.605163363363363942e+02 1.532096556421664313e-01
5.611068468468469064e+02 1.527595218916399378e-01
5.616973573573573049e+02 1.523107417095665994e-01
5.622878678678678170e+02 1.522753171914880688e-01
5.628783783783783292e+02 1.522932350737253027e-01
5.634688888888888414e+02 1.523031699695858721e-01
5.640593993993993536e+02 1.523567694471761325e-01
5.646499099099098657e+02 1.521632159339676160e-01
5.652404204204203779e+02 1.512760602482614847e-01
5.658309309309308901e+02 1.498503127643595334e-01
5.664214414414414023e+02 1.486949856205090903e-01
5.670119519519519145e+02 1.479555003459613882e-01
5.676024624624624266e+02 1.471505274555462983e-01
5.681929729729729388e+02 1.461248160728090550e-01
5.687834834834834510e+02 1.452114236506392708e-01
5.693739939939939632e+02 1.448065944623768975e-01
5.699645045045044753e+02 1.447809272732342445e-01
5.705550150150149875e+02 1.447199875713045536e-01
5.711455255255254997e+02 1.443402185502589419e-01
5.717360360360360119e+02 1.436946948302224858e-01
5.723265465465465240e+02 1.424636010985917967e-01
5.729170570570570362e+02 1.410035634908334834e-01
5.735075675675675484e+02 1.401474529824449922e-01
5.740980780780780606e+02 1.399462211189977934e-01
5.746885885885885727e+02 1.402877768536407721e-01
5.752790990990990849e+02 1.409323437073751462e-01
5.758696096096095971e+02 1.411247870285160522e-01
5.764601201201201093e+02 1.407446163498135006e-01
5.770506306306306215e+02 1.399666719001057547e-01
5.776411411411411336e+02 1.391218750758695943e-01
5.782316516516516458e+02 1.385086451084131809e-01
5.788221621621621580e+02 1.380923310064754994e-01
5.794126726726726702e+02 1.376390065572168087e-01
5.800031831831831823e+02 1.372637761378104337e-01
5.805936936936936945e+02 1.371040835042456607e-01
5.811842042042042067e+02 1.370110730879567362e-01
5.817747147147147189e+02 1.369236765169973002e-01
5.823652252252252310e+02 1.370573234185605560e-01
5.829557357357357432e+02 1.371956303896539608e-01
5.835462462462462554e+02 1.372535294081891344e-01
5.841367567567567676e+02 1.372662204025739130e-01
5.847272672672672797e+02 1.371410340082806212e-01
5.853177777777777919e+02 1.366839791925171244e-01
5.859082882882883041e+02 1.359861067802576595e-01
5.864987987987988163e+02 1.356617600354036168e-01
5.870893093093093285e+02 1.361305479067440316e-01
5.876798198198198406e+02 1.366591024614370875e-01
5.882703303303303528e+02 1.366034090199667039e-01
5.888608408408408650e+02 1.363481316043701208e-01
5.894513513513513772e+02 1.360340289501115463e-01
5.900418618618618893e+02 1.356688343386780737e-01
5.906323723723724015e+02 1.352992620204568064e-01
5.912228828828829137e+02 1.351684453247321838e-01
5.918133933933934259e+02 1.349465952158394322e-01
5.924039039039039380e+02 1.346649316211581404e-01
5.929944144144144502e+02 1.346667605266322343e-01
5.935849249249249624e+02 1.349569571019764991e-01
5.941754354354354746e+02 1.352316541431547448e-01
5.947659459459459868e+02 1.352575544874726476e-01
5.953564564564564989e+02 1.352052267221574011e-01
5.959469669669670111e+02 1.352334470464421345e-01
5.965374774774775233e+02 1.350925815654180351e-01
5.971279879879880355e+02 1.349635348169399285e-01
5.977184984984985476e+02 1.351096971997783891e-01
5.983090090090090598e+02 1.354903919228761799e-01
5.988995195195195720e+02 1.354651798575312593e-01
5.994900300300300842e+02 1.351659977290433912e-01
6.000805405405405963e+02 1.348411824871962594e-01
6.006710510510511085e+02 1.341795321168031407e-01
6.012615615615616207e+02 1.335266576269730221e-01
6.018520720720721329e+02 1.328685300861183471e-01
6.024425825825826450e+02 1.321645362080313135e-01
6.030330930930931572e+02 1.313472950426499974e-01
6.036236036036036694e+02 1.305652476586990351e-01
6.042141141141141816e+02 1.302784025076945962e-01
6.048046246246246938e+02 1.307203692540585827e-01
6.053951351351352059e+02 1.319313420378435964e-01
6.059856456456457181e+02 1.331803148300719497e-01
6.065761561561562303e+02 1.337460727961174156e-01
6.071666666666667425e+02 1.337434581393509569e-01
6.077571771771772546e+02 1.335549426604089873e-01
6.083476876876877668e+02 1.331507377499305256e-01
6.089381981981982790e+02 1.324917913748321630e-01
6.095287087087087912e+02 1.319253580109689961e-01
6.101192192192193033e+02 1.317628617343689912e-01
6.107097297297298155e+02 1.318229275974434067e-01
6.113002402402403277e+02 1.320206290337039567e-01
6.118907507507508399e+02 1.323424161107223385e-01
6.124812612612613520e+02 1.330439450225222309e-01
6.130717717717718642e+02 1.335858075351979979e-01
6.136622822822823764e+02 1.334017376605415028e-01
6.142527927927928886e+02 1.327224287388163448e-01
6.148433033033034008e+02 1.319494306860216626e-01
6.154338138138139129e+02 1.316500143162627479e-01
6.160243243243244251e+02 1.317805325848547537e-01
6.166148348348349373e+02 1.320331728150270778e-01
6.172053453453453358e+02 1.323626288707886456e-01
6.177958558558558479e+02 1.325462740219042757e-01
6.183863663663663601e+02 1.323129861614985858e-01
6.189768768768768723e+02 1.318514365813551470e-01
6.195673873873873845e+02 1.318050357436744147e-01
6.201578978978978967e+02 1.321898994995582832e-01
6.207484084084084088e+02 1.322449238403273220e-01
6.213389189189189210e+02 1.319774223991008466e-01
6.219294294294294332e+02 1.319884784613150064e-01
6.225199399399399454e+02 1.321387257897585210e-01
6.231104504504504575e+02 1.320638104868232521e-01
6.237009609609609697e+02 1.318784646679357353e-01
6.242914714714714819e+02 1.315937003433239605e-01
6.248819819819819941e+02 1.314894999150700849e-01
6.254724924924925062e+02 1.316696017211254899e-01
6.260630030030030184e+02 1.318068021968208936e-01
6.266535135135135306e+02 1.316793188185198804e-01
6.272440240240240428e+02 1.313033376262024432e-01
6.278345345345345550e+02 1.309724808512771621e-01
6.284250450450450671e+02 1.308428216016100099e-01
6.290155555555555793e+02 1.308415826651768976e-01
6.296060660660660915e+02 1.310079995124633079e-01
6.301965765765766037e+02 1.311581340209377888e-01
6.307870870870871158e+02 1.310850209359439300e-01
6.313775975975976280e+02 1.307432818233569272e-01
6.319681081081081402e+02 1.305668593287681589e-01
6.325586186186186524e+02 1.305385900840956015e-01
6.331491291291291645e+02 1.304659749484582132e-01
6.337396396396396767e+02 1.303485285876363753e-01
6.343301501501501889e+02 1.305298202284259912e-01
6.349206606606607011e+02 1.310095468370404970e-01
6.355111711711712132e+02 1.311417200472555500e-01
6.361016816816817254e+02 1.305458986435259761e-01
6.366921921921922376e+02 1.297901244763899620e-01
6.372827027027026361e+02 1.293316142965133808e-01
6.378732132132131483e+02 1.289978558916621831e-01
6.384637237237236604e+02 1.287776708306363205e-01
6.390542342342341726e+02 1.289580683750514711e-01
6.396447447447446848e+02 1.297605507248738022e-01
6.402352552552551970e+02 1.309118370105082363e-01
6.408257657657657091e+02 1.314973184232587633e-01
6.414162762762762213e+02 1.310683871795945976e-01
6.420067867867867335e+02 1.297058990277915880e-01
6.425972972972972457e+02 1.283503677684950661e-01
6.431878078078077579e+02 1.278823303976095171e-01
6.437783183183182700e+02 1.284458968998480333e-01
6.443688288288287822e+02 1.294076554484035191e-01
6.449593393393392944e+02 1.300799132325118901e-01
6.455498498498498066e+02 1.305478214649808955e-01
6.461403603603603187e+02 1.310175971875615353e-01
6.467308708708708309e+02 1.314485541068771968e-01
6.473213813813813431e+02 1.314013126211880933e-01
6.479118918918918553e+02 1.309756846842153322e-01
6.485024024024023674e+02 1.306395011289727959e-01
6.490929129129128796e+02 1.305086828996612214e-01
6.496834234234233918e+02 1.308053706941920968e-01
6.502739339339339040e+02 1.310747250026779442e-01
6.508644444444444161e+02 1.307263448972921793e-01
6.514549549549549283e+02 1.303484665358241867e-01
6.520454654654654405e+02 1.305261210083968892e-01
6.526359759759759527e+02 1.309412951790934476e-01
6.532264864864864649e+02 1.312717985588026381e-01
6.538169969969969770e+02 1.314030260321634724e-01
6.544075075075074892e+02 1.314642806836185673e-01
6.549980180180180014e+02 1.311527195334731832e-01
6.555885285285285136e+02 1.306124210846395794e-01
6.561790390390390257e+02 1.302453833974627773e-01
6.567695495495495379e+02 1.301432803079153600e-01
6.573600600600600501e+02 1.303583494201770998e-01
6.579505705705705623e+02 1.309883606433139003e-01
6.585410810810810744e+02 1.311797382842408155e-01
6.591315915915915866e+02 1.304518873404080237e-01
6.597221021021020988e+02 1.292936489988787963e-01
6.603126126126126110e+02 1.289005613583432686e-01
6.609031231231231232e+02 1.293183091109934013e-01
6.614936336336336353e+02 1.295831349643057073e-01
6.620841441441441475e+02 1.292858235735350192e-01
6.626746546546546597e+02 1.293384438199459696e-01
6.632651651651651719e+02 1.302559692697190519e-01
6.638556756756756840e+02 1.312580250710497498e-01
6.644461861861861962e+02 1.317735352468333010e-01
6.650366966966967084e+02 1.317815656920424405e-01
6.656272072072072206e+02 1.315325484976039849e-01
6.662177177177177327e+02 1.308491406266711343e-01
6.668082282282282449e+02 1.299775675058633395e-01
6.673987387387387571e+02 1.292351805273718457e-01
6.679892492492492693e+02 1.288161217780354750e-01
6.685797597597597814e+02 1.290766381130122875e-01
6.691702702702702936e+02 1.299303414183810013e-01
6.697607807807808058e+02 1.307848388367934822e-01
6.703512912912913180e+02 1.315862873059279459e-01
6.709418018018018302e+02 1.322401631858133586e-01
6.715323123123123423e+02 1.322308883170168758e-01
6.721228228228228545e+02 1.316559002166698689e-01
6.727133333333333667e+02 1.312728169890006735e-01
6.733038438438438789e+02 1.309282919420254598e-01
6.738943543543543910e+02 1.307939729617515479e-01
6.744848648648649032e+02 1.310133717232557782e-01
6.750753753753754154e+02 1.312695658934249499e-01
6.756658858858859276e+02 1.311582954011224489e-01
6.762563963963964397e+02 1.306537695960103274e-01
6.768469069069069519e+02 1.301852180879341236e-01
6.774374174174174641e+02 1.301202680916304644e-01
6.780279279279279763e+02 1.303907985701334982e-01
6.786184384384384884e+02 1.305178541820014027e-01
6.792089489489490006e+02 1.303526928625788339e-01
6.797994594594595128e+02 1.298309490650128295e-01
6.803899699699700250e+02 1.295814666539439608e-01
6.809804804804805372e+02 1.297582425821193208e-01
6.815709909909910493e+02 1.300893829939033242e-01
6.821615015015015615e+02 1.302914220247673172e-01
6.827520120120120737e+02 1.305064418876817622e-01
6.833425225225225859e+02 1.302819995066009928e-01
6.839330330330330980e+02 1.297891237277331022e-01
6.845235435435436102e+02 1.296568011957892896e-01
6.851140540540541224e+02 1.301739673517287033e-01
6.857045645645646346e+02 1.307700833954472674e-01
6.862950750750751467e+02 1.308679434622418702e-01
6.868855855855856589e+02 1.305748583145432684e-01
6.874760960960961711e+02 1.303678779075814476e-01
6.880666066066066833e+02 1.305023421382000837e-01
6.886571171171171954e+02 1.308892026521752128e-01
6.892476276276277076e+02 1.312902256079166441e-01
6.898381381381382198e+02 1.314079307836101274e-01
6.904286486486487320e+02 1.313401939419352182e-01
6.910191591591592442e+02 1.314627434512670445e-01
6.916096696696697563e+02 1.319796509247964100e-01
6.922001801801802685e+02 1.327434945403405120e-01
6.927906906906907807e+02 1.332386525209825479e-01
6.933812012012012929e+02 1.336245918622355200e-01
6.939717117117118050e+02 1.336234151687341887e-01
6.945622222222223172e+02 1.332949241681079255e-01
6.951527327327328294e+02 1.334008188692945573e-01
6.957432432432433416e+02 1.341587913252287323e-01
6.963337537537538537e+02 1.356651308811339107e-01
6.969242642642643659e+02 1.376155288708518221e-01
6.975147747747748781e+02 1.393937604233717598e-01
6.981052852852852766e+02 1.404505048525436506e-01
6.986957957957957888e+02 1.411756734442788930e-01
6.992863063063063009e+02 1.420284299415345286e-01
6.998768168168168131e+02 1.430694288980313977e-01
7.004673273273273253e+02 1.451520018529560141e-01
7.010578378378378375e+02 1.482124597590647741e-01
7.016483483483483496e+02 1.514530663464300764e-01
7.022388588588588618e+02 1.545435904007909089e-01
7.028293693693693740e+02 1.580583915212272761e-01
7.034198798798798862e+02 1.621657788730180294e-01
7.040103903903903984e+02 1.661671778456045856e-01
7.046009009009009105e+02 1.694851766798239900e-01
7.051914114114114227e+02 1.723530906164940923e-01
7.057819219219219349e+02 1.755580436458811788e-01
7.063724324324324471e+02 1.804045380575509117e-01
7.069629429429429592e+02 1.865358194318105234e-01
7.075534534534534714e+02 1.926704256671334381e-01
7.081439639639639836e+02 1.981809830275197692e-01
7.087344744744744958e+02 2.032780714077621065e-01
7.093249849849850079e+02 2.091590373303910677e-01
7.099154954954955201e+02 2.162746129999122413e-01
7.105060060060060323e+02 2.237450015643727419e-01
7.110965165165165445e+02 2.308213056563119536e-01
7.116870270270270566e+02 2.378100040447927443e-01
7.122775375375375688e+02 2.453556951156293520e-01
7.128680480480480810e+02 2.542340615858904029e-01
7.134585585585585932e+02 2.637955505223928965e-01
7.140490690690691054e+02 2.724633797324058637e-01
7.146395795795796175e+02 2.809183476316405303e-01
7.152300900900901297e+02 2.890257633552646976e-01
7.158206006006006419e+02 2.964657575570417425e-01
7.164111111111111541e+02 3.021279271549985879e-01
7.170016216216216662e+02 3.057894673063523139e-01
7.175921321321321784e+02 3.086820640331472410e-01
7.181826426426425769e+02 3.123138812983079493e-01
7.187731531531530891e+02 3.177801062872582238e-01
7.193636636636636013e+02 3.265464536228304682e-01
7.199541741741741134e+02 3.397879456488366867e-01
7.205446846846846256e+02 3.582914860633191756e-01
7.211351951951951378e+02 3.791008083721728594e-01
7.217257057057056500e+02 3.981072604616672783e-01
7.223162162162161621e+02 4.125715258530070484e-01
7.229067267267266743e+02 4.219967817209210326e-01
7.234972372372371865e+02 4.293377394415538451e-01
7.240877477477476987e+02 4.386894922865162694e-01
7.246782582582582108e+02 4.510456064859632019e-01
7.252687687687687230e+02 4.650558123963997592e-01
7.258592792792792352e+02 4.799763238523140352e-01
7.264497897897897474e+02 4.947497712257865055e-01
7.270403003003002596e+02 5.083613614281395909e-01
7.276308108108107717e+02 5.210674225890044031e-01
7.282213213213212839e+02 5.348645979265674866e-01
7.288118318318317961e+02 5.498488856812205894e-01
7.294023423423423083e+02 5.667542022344869146e-01
7.299928528528528204e+02 5.843378126263885086e-01
7.305833633633633326e+02 6.009859321837413004e-01
7.311738738738738448e+02 6.183889484495084243e-01
7.317643843843843570e+02 6.392597639459558501e-01
7.323548948948948691e+02 6.627674705974895275e-01
7.329454054054053813e+02 6.865925456739534471e-01
7.335359159159158935e+02 7.085262537792662574e-01
7.341264264264264057e+02 7.277400119864015915e-01
7.347169369369369178e+02 7.437070350831551657e-01
7.353074474474474300e+02 7.565920437425551759e-01
7.358979579579579422e+02 7.685541536433405652e-01
7.364884684684684544e+02 7.817173484589446941e-01
7.370789789789789666e+02 7.955076821039621660e-01
7.376694894894894787e+02 8.080275294496693794e-01
7.382599999999999909e+02 8.188762750491606068e-01
7.388505105105105031e+02 8.301310405434199069e-01
7.394410210210210153e+02 8.427119749804771187e-01
7.400315315315315274e+02 8.550390797646872931e-01
7.406220420420420396e+02 8.651643740638045310e-01
7.412125525525525518e+02 8.744486604217164283e-01
7.418030630630630640e+02 8.849652563081819023e-01
7.423935735735735761e+02 8.967871842651582437e-01
7.429840840840840883e+02 9.084685660275487740e-01
7.435745945945946005e+02 9.185052387739537361e-01
7.441651051051051127e+02 9.273518733869399178e-01
7.447556156156156248e+02 9.365740248058482820e-01
7.453461261261261370e+02 9.453207992191301479e-01
7.459366366366366492e+02 9.520814982431641260e-01
7.465271471471471614e+02 9.576469533999762973e-01
7.471176576576576736e+02 9.630020672488894817e-01
7.477081681681681857e+02 9.682760001291623730e-01
7.482986786786786979e+02 9.716576109018787433e-01
7.488891891891892101e+02 9.725622000641725995e-01
7.494796996996997223e+02 9.725347926244612973e-01
7.500702102102102344e+02 9.729358940069717798e-01
7.506607207207207466e+02 9.745696418604479216e-01
7.512512312312312588e+02 9.773974150863243837e-01
7.518417417417417710e+02 9.808977887701932907e-01
7.524322522522522831e+02 9.849360401817482957e-01
7.530227627627627953e+02 9.894513028595852688e-01
7.536132732732733075e+02 9.922562276838647888e-01
7.542037837837838197e+02 9.921346338461733971e-01
7.547942942942943318e+02 9.898624062657771505e-01
7.553848048048048440e+02 9.877056109139757956e-01
7.559753153153153562e+02 9.881339363750748506e-01
7.565658258258258684e+02 9.912948831716364984e-01
7.571563363363363806e+02 9.924278587191763812e-01
7.577468468468468927e+02 9.798483345763395747e-01
7.583373573573574049e+02 9.340451508803219172e-01
7.589278678678679171e+02 8.392166967101838404e-01
7.595183783783784293e+02 7.068670700825794295e-01
7.601088888888889414e+02 5.845785140913256628e-01
7.606993993993994536e+02 5.186345288212163007e-01
7.612899099099099658e+02 5.129105580005672849e-01
7.618804204204204780e+02 5.325100742786077479e-01
7.624709309309309901e+02 5.462020123027095941e-01
7.630614414414415023e+02 5.544900132303688389e-01
7.636519519519520145e+02 5.712455534951593750e-01
7.642424624624625267e+02 6.019501284656564311e-01
7.648329729729730388e+02 6.422990213520656244e-01
7.654234834834835510e+02 6.856013968276061243e-01
7.660139939939940632e+02 7.308497999684391289e-01
7.666045045045045754e+02 7.758293100672005727e-01
7.671950150150150876e+02 8.165774368391515159e-01
7.677855255255255997e+02 8.492170297109549182e-01
7.683760360360361119e+02 8.722187982515798854e-01
7.689665465465466241e+02 8.869890865624605603e-01
7.695570570570571363e+02 8.969917474682370662e-01
7.701475675675676484e+02 9.031345087877360456e-01
7.707380780780781606e+02 9.042330599942105529e-01
7.713285885885886728e+02 9.027386724264302442e-01
7.719190990990991850e+02 9.020768378502448392e-01
7.725096096096096971e+02 9.017542200374668582e-01
7.731001201201202093e+02 8.996665101043667123e-01
7.736906306306307215e+02 8.957735386001756117e-01
7.742811411411412337e+02 8.910975932353820683e-01
7.748716516516517459e+02 8.874442918606655351e-01
7.754621621621622580e+02 8.852491078362859644e-01
7.760526726726727702e+02 8.821137561949086159e-01
7.766431831831832824e+02 8.772861306674861748e-01
7.772336936936937946e+02 8.720831579824194213e-01
7.778242042042043067e+02 8.679589013081489002e-01
7.784147147147147052e+02 8.651240899538465978e-01
7.790052252252252174e+02 8.627651421823316902e-01
7.795957357357357296e+02 8.599280393488908381e-01
7.801862462462462418e+02 8.569540065905693060e-01
7.807767567567567539e+02 8.548881353299068175e-01
7.813672672672672661e+02 8.529411671937040529e-01
7.819577777777777783e+02 8.493615174071001972e-01
7.825482882882882905e+02 8.432128423332634348e-01
7.831387987987988026e+02 8.361390110685615884e-01
7.837293093093093148e+02 8.308360701332935250e-01
7.843198198198198270e+02 8.280254984836943333e-01
7.849103303303303392e+02 8.260182349920623945e-01
7.855008408408408513e+02 8.232415935511245841e-01
7.860913513513513635e+02 8.192564758627276511e-01
7.866818618618618757e+02 8.141276649152907607e-01
7.872723723723723879e+02 8.082887860121771295e-01
7.878628828828829000e+02 8.022509021135126872e-01
7.884533933933934122e+02 7.962890109684606088e-01
7.890439039039039244e+02 7.906196031209674624e-01
7.896344144144144366e+02 7.858382222431364861e-01
7.902249249249249488e+02 7.810936446680339929e-01
7.908154354354354609e+02 7.759855615416977326e-01
7.914059459459459731e+02 7.718261538169841618e-01
7.919964564564564853e+02 7.682930741369951022e-01
7.925869669669669975e+02 7.649922461282788744e-01
7.931774774774775096e+02 7.625445205083283273e-01
7.937679879879880218e+02 7.608087715419080688e-01
7.943584984984985340e+02 7.595818149617619142e-01
7.949490090090090462e+02 7.588436203936136382e-01
7.955395195195195583e+02 7.581920912964689174e-01
7.961300300300300705e+02 7.583495108797116968e-01
7.967205405405405827e+02 7.595548473452962135e-01
7.973110510510510949e+02 7.601957902985636562e-01
7.979015615615616070e+02 7.594460153227119426e-01
7.984920720720721192e+02 7.567726838332793360e-01
7.990825825825825177e+02 7.532917153470621852e-01
7.996730930930930299e+02 7.498463926389292711e-01
8.002636036036035421e+02 7.469190220561414684e-01
8.008541141141140542e+02 7.447719666091745516e-01
8.014446246246245664e+02 7.425615913465511975e-01
8.020351351351350786e+02 7.386662515111586114e-01
8.026256456456455908e+02 7.334893815586591703e-01
8.032161561561561030e+02 7.289185447092995096e-01
8.038066666666666151e+02 7.259681758291469666e-01
8.043971771771771273e+02 7.237713229009767879e-01
8.049876876876876395e+02 7.220919298312993284e-01
8.055781981981981517e+02 7.204006688827151450e-01
8.061687087087086638e+02 7.177951038182714960e-01
8.067592192192191760e+02 7.148252477195914389e-01
8.073497297297296882e+02 7.107509138497680734e-01
8.079402402402402004e+02 7.046291721122437401e-01
8.085307507507507125e+02 6.972769369173178466e-01
8.091212612612612247e+02 6.903894397181894460e-01
8.097117717717717369e+02 6.852702455171231222e-01
8.103022822822822491e+02 6.811485633787343064e-01
8.108927927927927612e+02 6.761523199191892264e-01
8.114833033033032734e+02 6.686424497328904426e-01
8.120738138138137856e+02 6.574189995730920222e-01
8.126643243243242978e+02 6.433710678988575626e-01
8.132548348348348100e+02 6.286724472840097278e-01
8.138453453453453221e+02 6.143533860109983147e-01
8.144358558558558343e+02 5.995730230329907595e-01
8.150263663663663465e+02 5.854773377181962113e-01
8.156168768768768587e+02 5.726655293889553189e-01
8.162073873873873708e+02 5.636998032065022590e-01
8.167978978978978830e+02 5.585701520234668260e-01
8.173884084084083952e+02 5.553775580352691144e-01
8.179789189189189074e+02 5.539602076835677957e-01
8.185694294294294195e+02 5.549177590297994511e-01
8.191599399399399317e+02 5.591538168152281330e-01
8.197504504504504439e+02 5.661564203236114645e-01
8.203409609609609561e+02 5.707898959640258507e-01
8.209314714714714682e+02 5.668205379238977493e-01
8.215219819819819804e+02 5.533508335582074666e-01
8.221124924924924926e+02 5.365495541986278205e-01
8.227030030030030048e+02 5.268383251374429976e-01
8.232935135135135170e+02 5.292730283570175054e-01
8.238840240240240291e+02 5.383798338645928716e-01
8.244745345345345413e+02 5.471430954736036245e-01
8.250650450450450535e+02 5.523256656984302237e-01
8.256555555555555657e+02 5.540877640083965439e-01
8.262460660660660778e+02 5.525848383033402644e-01
8.268365765765765900e+02 5.475809871622276948e-01
8.274270870870871022e+02 5.398741033265411771e-01
8.280175975975976144e+02 5.329790585203214581e-01
8.286081081081081265e+02 5.281799395053076163e-01
8.291986186186186387e+02 5.254399619631260343e-01
8.297891291291291509e+02 5.236690009647455568e-01
8.303796396396396631e+02 5.224895592581665360e-01
8.309701501501501753e+02 5.211201352359235983e-01
8.315606606606606874e+02 5.187806180250766896e-01
8.321511711711711996e+02 5.157787286744355271e-01
8.327416816816817118e+02 5.131924876425665305e-01
8.333321921921922240e+02 5.123948633027204380e-01
8.339227027027027361e+02 5.143397950549278841e-01
8.345132132132132483e+02 5.177274116290511152e-01
8.351037237237237605e+02 5.195926405631505762e-01
8.356942342342342727e+02 5.198655425514826511e-01
8.362847447447447848e+02 5.193658587042104813e-01
8.368752552552552970e+02 5.179405176585607506e-01
8.374657657657658092e+02 5.154261055087036025e-01
8.380562762762763214e+02 5.131862591609216429e-01
8.386467867867868335e+02 5.122690562870475528e-01
8.392372972972973457e+02 5.116351984349183368e-01
8.398278078078078579e+02 5.099262442005433327e-01
8.404183183183183701e+02 5.075183796524344038e-01
8.410088288288288823e+02 5.058349167463452867e-01
8.415993393393393944e+02 5.046979723985232091e-01
8.421898498498499066e+02 5.026140899168024534e-01
8.427803603603604188e+02 4.995210172990905417e-01
8.433708708708709310e+02 4.960893956915796710e-01
8.439613813813814431e+02 4.928877616335705647e-01
8.445518918918919553e+02 4.910481815201355182e-01
8.451424024024024675e+02 4.908033009618671394e-01
8.457329129129129797e+02 4.899374734447050073e-01
8.463234234234234918e+02 4.872089255053000945e-01
8.469139339339340040e+02 4.838696878498721654e-01
8.475044444444445162e+02 4.805353877969976151e-01
8.480949549549550284e+02 4.760909051535460179e-01
8.486854654654655405e+02 4.701149123789467588e-01
8.492759759759760527e+02 4.642404438987819404e-01
8.498664864864865649e+02 4.610012513354693198e-01
8.504569969969970771e+02 4.602106541266571260e-01
8.510475075075075893e+02 4.598276003654258592e-01
8.516380180180181014e+02 4.570368503689773432e-01
8.522285285285286136e+02 4.495132231513366827e-01
8.528190390390391258e+02 4.377083731966048830e-01
8.534095495495496380e+02 4.266916162201687679e-01
8.540000600600601501e+02 4.233787652829523740e-01
8.545905705705706623e+02 4.271825133360379056e-01
8.551810810810811745e+02 4.328354634419357971e-01
8.557715915915916867e+02 4.372999002245078759e-01
8.563621021021021988e+02 4.392196077235426821e-01
8.569526126126127110e+02 4.389491233597458408e-01
8.575431231231231095e+02 4.378852316316398929e-01
8.581336336336336217e+02 4.366705390073920001e-01
8.587241441441441339e+02 4.356683731298270912e-01
8.593146546546546460e+02 4.349298876137377423e-01
8.599051651651651582e+02 4.334595072759137024e-01
8.604956756756756704e+02 4.315051622036826240e-01
8.610861861861861826e+02 4.300879389038818057e-01
8.616766966966966947e+02 4.291372753934094009e-01
8.622672072072072069e+02 4.280266784119028944e-01
8.628577177177177191e+02 4.261902591124253625e-01
8.634482282282282313e+02 4.224600947799367900e-01
8.640387387387387435e+02 4.166468444134997506e-01
8.646292492492492556e+02 4.087171932729293244e-01
8.652197597597597678e+02 3.993419668926313504e-01
8.658102702702702800e+02 3.933281185352129894e-01
8.664007807807807922e+02 3.933532928336569423e-01
8.669912912912913043e+02 3.959208623242189140e-01
8.675818018018018165e+02 3.973780954494158246e-01
8.681723123123123287e+02 3.971361394202282957e-01
8.687628228228228409e+02 3.958234023718310568e-01
8.693533333333333530e+02 3.942519545890061372e-01
8.699438438438438652e+02 3.929133880187083983e-01
8.705343543543543774e+02 3.917992734413899836e-01
8.711248648648648896e+02 3.906822652314037025e-01
8.717153753753754017e+02 3.886403435582609367e-01
8.723058858858859139e+02 3.860720385883331662e-01
8.728963963963964261e+02 3.839764867204255028e-01
8.734869069069069383e+02 3.820449052916832233e-01
8.740774174174174505e+02 3.799126985855768579e-01
8.746679279279279626e+02 3.783466057716949882e-01
8.752584384384384748e+02 3.773249169683401405e-01
8.758489489489489870e+02 3.762005264490832501e-01
8.764394594594594992e+02 3.741621819966405305e-01
8.770299699699700113e+02 3.718910554748962594e-01
8.776204804804805235e+02 3.698421572779229116e-01
8.782109909909910357e+02 3.676288484296098558e-01
8.788015015015015479e+02 3.649104709842110328e-01
8.793920120120120600e+02 3.620895587989709230e-01
8.799825225225225722e+02 3.605085975524413566e-01
8.805730330330330844e+02 3.601070469925214401e-01
8.811635435435435966e+02 3.594465652674521672e-01
8.817540540540541087e+02 3.581849487093075046e-01
8.823445645645646209e+02 3.563868474973376776e-01
8.829350750750751331e+02 3.543458111396877164e-01
8.835255855855856453e+02 3.529792584678271838e-01
8.841160960960961575e+02 3.524710774339468999e-01
8.847066066066066696e+02 3.514845855324202351e-01
8.852971171171171818e+02 3.495068318373996674e-01
8.858876276276276940e+02 3.483701655444118583e-01
8.864781381381382062e+02 3.482897689368855132e-01
8.870686486486487183e+02 3.476134275124429518e-01
8.876591591591592305e+02 3.464769919005091792e-01
8.882496696696697427e+02 3.450820544318636829e-01
8.888401801801802549e+02 3.427853196307667494e-01
8.894306906906906534e+02 3.404818592543780165e-01
8.900212012012011655e+02 3.384540131461558632e-01
8.906117117117116777e+02 3.364343457045014252e-01
8.912022222222221899e+02 3.345967050814427357e-01
8.917927327327327021e+02 3.322281402633828762e-01
8.923832432432432142e+02 3.290358263141662798e-01
8.929737537537537264e+02 3.250698198806107331e-01
8.935642642642642386e+02 3.197450498214503556e-01
8.941547747747747508e+02 3.138056603622739194e-01
8.947452852852852629e+02 3.086977169637734053e-01
8.953357957957957751e+02 3.034870626611592681e-01
8.959263063063062873e+02 2.981134156519885670e-01
8.965168168168167995e+02 2.934060019497995442e-01
8.971073273273273117e+02 2.888378020596804041e-01
8.976978378378378238e+02 2.845385977716139991e-01
8.982883483483483360e+02 2.811902031974034544e-01
8.988788588588588482e+02 2.778822382745490538e-01
8.994693693693693604e+02 2.747111520343156754e-01
9.000598798798798725e+02 2.719566495241700910e-01
9.006503903903903847e+02 2.703239527281575127e-01
9.012409009009008969e+02 2.708145366796850806e-01
9.018314114114114091e+02 2.739665818770984917e-01
9.024219219219219212e+02 2.782875052334718435e-01
9.030124324324324334e+02 2.814552961613406290e-01
9.036029429429429456e+02 2.827235700938396379e-01
9.041934534534534578e+02 2.818081314397564707e-01
9.047839639639639699e+02 2.785215145789896596e-01
9.053744744744744821e+02 2.736500346972607911e-01
9.059649849849849943e+02 2.687352270406180854e-01
9.065554954954955065e+02 2.651431277149756127e-01
9.071460060060060187e+02 2.628589930193285240e-01
9.077365165165165308e+02 2.607264048209619878e-01
9.083270270270270430e+02 2.582800303245245122e-01
9.089175375375375552e+02 2.561339396369601284e-01
9.095080480480480674e+02 2.548320654817171627e-01
9.100985585585585795e+02 2.543008258015965750e-01
9.106890690690690917e+02 2.528896745690089043e-01
9.112795795795796039e+02 2.500248130199721475e-01
9.118700900900901161e+02 2.468934486808496975e-01
9.124606006006006282e+02 2.446365723628389499e-01
9.130511111111111404e+02 2.431133192935752141e-01
9.136416216216216526e+02 2.417917995519083818e-01
9.142321321321321648e+02 2.406070260524542648e-01
9.148226426426426769e+02 2.402254170216532037e-01
9.154131531531531891e+02 2.402129527610739890e-01
9.160036636636637013e+02 2.393491233602539625e-01
9.165941741741742135e+02 2.376072962846914327e-01
9.171846846846847257e+02 2.365766522389188831e-01
9.177751951951952378e+02 2.369932071368848203e-01
9.183657057057057500e+02 2.383426393560656442e-01
9.189562162162162622e+02 2.393804097209681903e-01
9.195467267267267744e+02 2.383811158675839537e-01
9.201372372372372865e+02 2.357802678795775375e-01
9.207277477477477987e+02 2.341347560525531279e-01
9.213182582582583109e+02 2.337069908633626347e-01
9.219087687687688231e+02 2.332131976490392500e-01
9.224992792792793352e+02 2.321459910521452286e-01
9.230897897897898474e+02 2.306911914514527817e-01
9.236803003003003596e+02 2.298820189895824095e-01
9.242708108108108718e+02 2.294771578754721819e-01
9.248613213213213839e+02 2.280099770393451963e-01
9.254518318318318961e+02 2.256482106055565651e-01
9.260423423423424083e+02 2.233660693099720485e-01
9.266328528528529205e+02 2.200948587494666042e-01
9.272233633633634327e+02 2.157694003829749019e-01
9.278138738738739448e+02 2.114651358941842807e-01
9.284043843843844570e+02 2.070843262826392861e-01
9.289948948948949692e+02 2.030587522673001633e-01
9.295854054054053677e+02 1.985699738511226276e-01
9.301759159159158799e+02 1.935416807024455399e-01
9.307664264264263920e+02 1.883918566728622901e-01
9.313569369369369042e+02 1.836301744838583494e-01
9.319474474474474164e+02 1.785461793858168222e-01
9.325379579579579286e+02 1.731108680665870980e-01
9.331284684684684407e+02 1.688247867905613153e-01
9.337189789789789529e+02 1.667719658592275445e-01
9.343094894894894651e+02 1.656149281352937708e-01
9.348999999999999773e+02 1.643480541637807324e-01
