3.500000000000000000e+02 4.601693798600181573e-01
3.505000000000000000e+02 4.655814319498878806e-01
3.510000000000000000e+02 4.705844659966423316e-01
3.515000000000000000e+02 4.750309046844353733e-01
3.520000000000000000e+02 4.789461888257913746e-01
3.525000000000000000e+02 4.823457952111661617e-01
3.530000000000000000e+02 4.850357142969116131e-01
3.535000000000000000e+02 4.865227883774923545e-01
3.540000000000000000e+02 4.861381155202930127e-01
3.545000000000000000e+02 4.833120441824090285e-01
3.550000000000000000e+02 4.778231423850857196e-01
3.555000000000000000e+02 4.699250126250015258e-01
3.560000000000000000e+02 4.603498649707802315e-01
3.565000000000000000e+02 4.502020214262663633e-01
3.570000000000000000e+02 4.407582837022183675e-01
3.575000000000000000e+02 4.332155942894810874e-01
3.580000000000000000e+02 4.284670409856887741e-01
3.585000000000000000e+02 4.269420085577020907e-01
3.590000000000000000e+02 4.284885371134496967e-01
3.595000000000000000e+02 4.324180521682662870e-01
3.600000000000000000e+02 4.378519801136215861e-01
3.605000000000000000e+02 4.441738416029436531e-01
3.610000000000000000e+02 4.512212613750873347e-01
3.615000000000000000e+02 4.591242733216907013e-01
3.620000000000000000e+02 4.680114678463539457e-01
3.625000000000000000e+02 4.778427698433824200e-01
3.630000000000000000e+02 4.884479311837341964e-01
3.635000000000000000e+02 4.996426437016931454e-01
3.640000000000000000e+02 5.112535828274916705e-01
3.645000000000000000e+02 5.230403405478185608e-01
3.650000000000000000e+02 5.346042298916453550e-01
3.655000000000000000e+02 5.453553359039325921e-01
3.660000000000000000e+02 5.546109574334596726e-01
3.665000000000000000e+02 5.618161415901217204e-01
3.670000000000000000e+02 5.667247477159069735e-01
3.675000000000000000e+02 5.694139459242361090e-01
3.680000000000000000e+02 5.701571612712539316e-01
3.685000000000000000e+02 5.692271117069318542e-01
3.690000000000000000e+02 5.667182251069522447e-01
3.695000000000000000e+02 5.625225512399170125e-01
3.700000000000000000e+02 5.565100428177819358e-01
3.705000000000000000e+02 5.487539595481930599e-01
3.710000000000000000e+02 5.395844812176144867e-01
3.715000000000000000e+02 5.295125648013129238e-01
3.720000000000000000e+02 5.192285059958851035e-01
3.725000000000000000e+02 5.096460838208251021e-01
3.730000000000000000e+02 5.018361471399919171e-01
3.735000000000000000e+02 4.968543175307523208e-01
3.740000000000000000e+02 4.955227536865580706e-01
3.745000000000000000e+02 4.982148564481462261e-01
3.750000000000000000e+02 5.047287199928912615e-01
3.755000000000000000e+02 5.143086398951878246e-01
3.760000000000000000e+02 5.258076642712883331e-01
3.765000000000000000e+02 5.378821663689840049e-01
3.770000000000000000e+02 5.490844550474448527e-01
3.775000000000000000e+02 5.579163834531641886e-01
3.780000000000000000e+02 5.630337091638474289e-01
3.785000000000000000e+02 5.635899733854725646e-01
3.790000000000000000e+02 5.594554461683198809e-01
3.795000000000000000e+02 5.510871665427766741e-01
3.800000000000000000e+02 5.391533584721991401e-01
3.805000000000000000e+02 5.242875245378686433e-01
3.810000000000000000e+02 5.072040189290393242e-01
3.815000000000000000e+02 4.889930108511231777e-01
3.820000000000000000e+02 4.712291945932026715e-01
3.825000000000000000e+02 4.557324618443495678e-01
3.830000000000000000e+02 4.441183270348055823e-01
3.835000000000000000e+02 4.373704445953324749e-01
3.840000000000000000e+02 4.355985801506564448e-01
3.845000000000000000e+02 4.380987319044790662e-01
3.850000000000000000e+02 4.437349495392101106e-01
3.855000000000000000e+02 4.514283266422861041e-01
3.860000000000000000e+02 4.604269090951751409e-01
3.865000000000000000e+02 4.702674412444314278e-01
3.870000000000000000e+02 4.806329397921094704e-01
3.875000000000000000e+02 4.912638845469595728e-01
3.880000000000000000e+02 5.018770996588431954e-01
3.885000000000000000e+02 5.120335183469054696e-01
3.890000000000000000e+02 5.210087570880830299e-01
3.895000000000000000e+02 5.277911755771698132e-01
3.900000000000000000e+02 5.312807843142494102e-01
3.905000000000000000e+02 5.305924792453123873e-01
3.910000000000000000e+02 5.253143639501608453e-01
3.915000000000000000e+02 5.157203894612490958e-01
3.920000000000000000e+02 5.029629262538827250e-01
3.925000000000000000e+02 4.890908669944599163e-01
3.930000000000000000e+02 4.766873271290279490e-01
3.935000000000000000e+02 4.681240627095528684e-01
3.940000000000000000e+02 4.647638746947785893e-01
3.945000000000000000e+02 4.666625679963359863e-01
3.950000000000000000e+02 4.730420024470318174e-01
3.955000000000000000e+02 4.831905850157267590e-01
3.960000000000000000e+02 4.971728467720057387e-01
3.965000000000000000e+02 5.158903157399208350e-01
3.970000000000000000e+02 5.403688745113918168e-01
3.975000000000000000e+02 5.707021655930324400e-01
3.980000000000000000e+02 6.055083787094417413e-01
3.985000000000000000e+02 6.423259179870455249e-01
3.990000000000000000e+02 6.784813635352777705e-01
3.995000000000000000e+02 7.117528159986639125e-01
4.000000000000000000e+02 7.406102778992682545e-01
4.010000000000000000e+02 7.641846020586451349e-01
4.020000000000000000e+02 7.821858091185364126e-01
4.030000000000000000e+02 7.948638712244675553e-01
4.040000000000000000e+02 8.029348946262990783e-01
4.050000000000000000e+02 8.074239628270013514e-01
4.060000000000000000e+02 8.094798227582683525e-01
4.070000000000000000e+02 8.101765473112249039e-01
4.080000000000000000e+02 8.103294875779234463e-01
4.090000000000000000e+02 8.104624335908183763e-01
4.100000000000000000e+02 8.109176508792724780e-01
4.110000000000000000e+02 8.118498847317362488e-01
4.120000000000000000e+02 8.131299848429445198e-01
4.130000000000000000e+02 8.144586649752213470e-01
4.140000000000000000e+02 8.155647590137584668e-01
4.150000000000000000e+02 8.162156467864944975e-01
4.160000000000000000e+02 8.161805181690419131e-01
4.170000000000000000e+02 8.153090134794507282e-01
4.180000000000000000e+02 8.135889984072678383e-01
4.190000000000000000e+02 8.110629688331524312e-01
4.200000000000000000e+02 8.076895945604805060e-01
4.210000000000000000e+02 8.032586573570005273e-01
4.220000000000000000e+02 7.974536509478344914e-01
4.230000000000000000e+02 7.900620816816072978e-01
4.240000000000000000e+02 7.811133407145016694e-01
4.250000000000000000e+02 7.708721920054719678e-01
4.260000000000000000e+02 7.598631864802701807e-01
4.270000000000000000e+02 7.489370146435746500e-01
4.280000000000000000e+02 7.392619108856420818e-01
4.290000000000000000e+02 7.322459792791328193e-01
4.300000000000000000e+02 7.293206499643307694e-01
4.310000000000000000e+02 7.313775294380313596e-01
4.320000000000000000e+02 7.381785499829094377e-01
4.330000000000000000e+02 7.485453088219206075e-01
4.340000000000000000e+02 7.611541418563182448e-01
4.350000000000000000e+02 7.749136922919231951e-01
4.360000000000000000e+02 7.888926764693987570e-01
4.370000000000000000e+02 8.024521484747298983e-01
4.380000000000000000e+02 8.154925832727121238e-01
4.390000000000000000e+02 8.283082492628311977e-01
4.400000000000000000e+02 8.411156956992319467e-01
4.410000000000000000e+02 8.538053870904850351e-01
4.420000000000000000e+02 8.660740996461646635e-01
4.430000000000000000e+02 8.776472637513305086e-01
4.440000000000000000e+02 8.884199897875173502e-01
4.450000000000000000e+02 8.984803982203859452e-01
4.460000000000000000e+02 9.079937021779314055e-01
4.470000000000000000e+02 9.169914837998219825e-01
4.480000000000000000e+02 9.252564614207451354e-01
4.490000000000000000e+02 9.324451711070567139e-01
4.500000000000000000e+02 9.382672183096473217e-01
4.510000000000000000e+02 9.425897718160692884e-01
4.520000000000000000e+02 9.455490566346579362e-01
4.530000000000000000e+02 9.475520930203936709e-01
4.540000000000000000e+02 9.490332439875324155e-01
4.550000000000000000e+02 9.502083858295885532e-01
4.560000000000000000e+02 9.510724826053594816e-01
4.570000000000000000e+02 9.515421622097872678e-01
4.580000000000000000e+02 9.515785631999342797e-01
4.590000000000000000e+02 9.512165683634563607e-01
4.600000000000000000e+02 9.504918315993228228e-01
4.610000000000000000e+02 9.493625612650055112e-01
4.620000000000000000e+02 9.477367822882278858e-01
4.630000000000000000e+02 9.455966698166742290e-01
4.640000000000000000e+02 9.431005238985820105e-01
4.650000000000000000e+02 9.405600545515948596e-01
4.660000000000000000e+02 9.383280225927400631e-01
4.670000000000000000e+02 9.367051746293735270e-01
4.680000000000000000e+02 9.358877890876552419e-01
4.690000000000000000e+02 9.359557133905996862e-01
4.700000000000000000e+02 9.369118959014741677e-01
4.710000000000000000e+02 9.386769900017511992e-01
4.720000000000000000e+02 9.410366789768065399e-01
4.730000000000000000e+02 9.436814234783412747e-01
4.740000000000000000e+02 9.462851562556215956e-01
4.750000000000000000e+02 9.485115495965582566e-01
4.760000000000000000e+02 9.500249161952725174e-01
4.770000000000000000e+02 9.505171762140623981e-01
4.780000000000000000e+02 9.496944142248853193e-01
4.790000000000000000e+02 9.472945439421084357e-01
4.800000000000000000e+02 9.431538642605969969e-01
4.810000000000000000e+02 9.372572807276700058e-01
4.820000000000000000e+02 9.297854191016087233e-01
4.830000000000000000e+02 9.211724331688192491e-01
4.840000000000000000e+02 9.121322045084104824e-01
4.850000000000000000e+02 9.036334895223568919e-01
4.860000000000000000e+02 8.967529211307663228e-01
4.870000000000000000e+02 8.922902503080430980e-01
4.880000000000000000e+02 8.904072481899341085e-01
4.890000000000000000e+02 8.906945215769395130e-01
4.900000000000000000e+02 8.924888219907269882e-01
4.910000000000000000e+02 8.951235811903983652e-01
4.920000000000000000e+02 8.980692899973292675e-01
4.930000000000000000e+02 9.009046006860644829e-01
4.940000000000000000e+02 9.032237736706277831e-01
4.950000000000000000e+02 9.046770420453931205e-01
4.960000000000000000e+02 9.050919600392726139e-01
4.970000000000000000e+02 9.045348679577139839e-01
4.980000000000000000e+02 9.032697713578187182e-01
4.990000000000000000e+02 9.016657594838451972e-01
5.000000000000000000e+02 9.001124578026208356e-01
5.010000000000000000e+02 8.989505315179397993e-01
5.020000000000000000e+02 8.983881259082594495e-01
5.030000000000000000e+02 8.984293025053325943e-01
5.040000000000000000e+02 8.988834945600628901e-01
5.050000000000000000e+02 8.994054527211354788e-01
5.060000000000000000e+02 8.995501337589946189e-01
5.070000000000000000e+02 8.989258245061728658e-01
5.080000000000000000e+02 8.973102768342045010e-01
5.090000000000000000e+02 8.945850598934421694e-01
5.100000000000000000e+02 8.906561109703658996e-01
5.110000000000000000e+02 8.854845079426656440e-01
5.120000000000000000e+02 8.791633691992005728e-01
5.130000000000000000e+02 8.720046554250246995e-01
5.140000000000000000e+02 8.645492378540289291e-01
5.150000000000000000e+02 8.574506543535609371e-01
5.160000000000000000e+02 8.514070859266470448e-01
5.170000000000000000e+02 8.471491190225751700e-01
5.180000000000000000e+02 8.452238331532215820e-01
5.190000000000000000e+02 8.456907931016870439e-01
5.200000000000000000e+02 8.481011923057970581e-01
5.210000000000000000e+02 8.517405689326159601e-01
5.220000000000000000e+02 8.559105552289478780e-01
5.230000000000000000e+02 8.601024656801460333e-01
5.240000000000000000e+02 8.640028176067794385e-01
5.250000000000000000e+02 8.674674081678066528e-01
5.260000000000000000e+02 8.705749840758996161e-01
5.270000000000000000e+02 8.735655596155688096e-01
5.280000000000000000e+02 8.765343037293896744e-01
5.290000000000000000e+02 8.792300934481702690e-01
5.300000000000000000e+02 8.812403528158841981e-01
5.310000000000000000e+02 8.822748709461977201e-01
5.320000000000000000e+02 8.822961835591257573e-01
5.330000000000000000e+02 8.815210958837649269e-01
5.340000000000000000e+02 8.802405744790245956e-01
5.350000000000000000e+02 8.785920825797275402e-01
5.360000000000000000e+02 8.765817559073916243e-01
5.370000000000000000e+02 8.742768263421059061e-01
5.380000000000000000e+02 8.718810027289048969e-01
5.390000000000000000e+02 8.696829450332521638e-01
5.400000000000000000e+02 8.680064001009812902e-01
5.410000000000000000e+02 8.671103139666280768e-01
5.420000000000000000e+02 8.670279447998171518e-01
5.430000000000000000e+02 8.675398929475379717e-01
5.440000000000000000e+02 8.683275316515494113e-01
5.450000000000000000e+02 8.691324072336095163e-01
5.460000000000000000e+02 8.698144704027841456e-01
5.470000000000000000e+02 8.703252162326741148e-01
5.480000000000000000e+02 8.706534430136398939e-01
5.490000000000000000e+02 8.707788303311040368e-01
5.500000000000000000e+02 8.706494490084379922e-01
5.510000000000000000e+02 8.701951764907334130e-01
5.520000000000000000e+02 8.693525459848931991e-01
5.530000000000000000e+02 8.680860784423768406e-01
5.540000000000000000e+02 8.663995822600215613e-01
5.550000000000000000e+02 8.643415376606591316e-01
5.560000000000000000e+02 8.620362092397445553e-01
5.570000000000000000e+02 8.596987381984496635e-01
5.580000000000000000e+02 8.575835629947066163e-01
5.590000000000000000e+02 8.559124136495441793e-01
5.600000000000000000e+02 8.547984722037438310e-01
5.610000000000000000e+02 8.541918610554227742e-01
5.620000000000000000e+02 8.539386660488507141e-01
5.630000000000000000e+02 8.538946854631299654e-01
5.640000000000000000e+02 8.539750921754639679e-01
5.650000000000000000e+02 8.541673406209469022e-01
5.660000000000000000e+02 8.545110431761790970e-01
5.670000000000000000e+02 8.550165641615211642e-01
5.680000000000000000e+02 8.556280387595158743e-01
5.690000000000000000e+02 8.562951972145798063e-01
5.700000000000000000e+02 8.570273594959529895e-01
5.710000000000000000e+02 8.578385247184276974e-01
5.720000000000000000e+02 8.586539084183939519e-01
5.730000000000000000e+02 8.593059734373021952e-01
5.740000000000000000e+02 8.596506741763253467e-01
5.750000000000000000e+02 8.596664355640180055e-01
5.760000000000000000e+02 8.594290666583650484e-01
5.770000000000000000e+02 8.590298931959496898e-01
5.780000000000000000e+02 8.585345272616503598e-01
5.790000000000000000e+02 8.579648273173912099e-01
5.800000000000000000e+02 8.572650174261607914e-01
5.810000000000000000e+02 8.562974243234434679e-01
5.820000000000000000e+02 8.548877926764103519e-01
5.830000000000000000e+02 8.528858101428545835e-01
5.840000000000000000e+02 8.502279046831975329e-01
5.850000000000000000e+02 8.469832522075830816e-01
5.860000000000000000e+02 8.433487578612182123e-01
5.870000000000000000e+02 8.396034969639072365e-01
5.880000000000000000e+02 8.360916213178267720e-01
5.890000000000000000e+02 8.332045846667476274e-01
5.900000000000000000e+02 8.312230242407940839e-01
5.910000000000000000e+02 8.301313622180581664e-01
5.920000000000000000e+02 8.296700017929568016e-01
5.930000000000000000e+02 8.295347590777839564e-01
5.940000000000000000e+02 8.294809810979959508e-01
5.950000000000000000e+02 8.293273706519892485e-01
5.960000000000000000e+02 8.289430531292223403e-01
5.970000000000000000e+02 8.282521294393956346e-01
5.980000000000000000e+02 8.272575962463221133e-01
5.990000000000000000e+02 8.260415303451427160e-01
6.000000000000000000e+02 8.247241836489578315e-01
6.010000000000000000e+02 8.234233536318671387e-01
6.020000000000000000e+02 8.222174276454605746e-01
6.030000000000000000e+02 8.210917240665347450e-01
6.040000000000000000e+02 8.199207532478227645e-01
6.050000000000000000e+02 8.185336113939337688e-01
6.060000000000000000e+02 8.168000232756320589e-01
6.070000000000000000e+02 8.146631587426796939e-01
6.080000000000000000e+02 8.121341680399614127e-01
6.090000000000000000e+02 8.092833865670546745e-01
6.100000000000000000e+02 8.062234435200065219e-01
6.110000000000000000e+02 8.030804220531203574e-01
6.120000000000000000e+02 7.999761580241878667e-01
6.130000000000000000e+02 7.970419305610545457e-01
6.140000000000000000e+02 7.944276047165694798e-01
6.150000000000000000e+02 7.922614063123016859e-01
6.160000000000000000e+02 7.906080547140043047e-01
6.170000000000000000e+02 7.894552956287180789e-01
6.180000000000000000e+02 7.886877335299811165e-01
6.190000000000000000e+02 7.880925524058903786e-01
6.200000000000000000e+02 7.874434717296860953e-01
6.210000000000000000e+02 7.865912564500584514e-01
6.220000000000000000e+02 7.855025317887871505e-01
6.230000000000000000e+02 7.842433354342944751e-01
6.240000000000000000e+02 7.829250894419192974e-01
6.250000000000000000e+02 7.816489469649524624e-01
6.260000000000000000e+02 7.804547777968022793e-01
6.270000000000000000e+02 7.792875959145633136e-01
6.280000000000000000e+02 7.780336338708901955e-01
6.290000000000000000e+02 7.766128127423066463e-01
6.300000000000000000e+02 7.750393260931108808e-01
6.310000000000000000e+02 7.734132580105422816e-01
6.320000000000000000e+02 7.718628351826044565e-01
6.330000000000000000e+02 7.704656923306200111e-01
6.340000000000000000e+02 7.692168713973464023e-01
6.350000000000000000e+02 7.680689767079725838e-01
6.360000000000000000e+02 7.669631826786924567e-01
6.370000000000000000e+02 7.658137166222654946e-01
6.380000000000000000e+02 7.645128404429080149e-01
6.390000000000000000e+02 7.629894653253449510e-01
6.400000000000000000e+02 7.612519886362130173e-01
6.410000000000000000e+02 7.593544608876020563e-01
6.420000000000000000e+02 7.573265973286001929e-01
6.430000000000000000e+02 7.551404609581386929e-01
6.440000000000000000e+02 7.527295400267842718e-01
6.450000000000000000e+02 7.500281090571987441e-01
6.460000000000000000e+02 7.469996357157648870e-01
6.470000000000000000e+02 7.436409527228813321e-01
6.480000000000000000e+02 7.399778086580867109e-01
6.490000000000000000e+02 7.360668255604531085e-01
6.500000000000000000e+02 7.319648390670348004e-01
6.510000000000000000e+02 7.276740136231512057e-01
6.520000000000000000e+02 7.231737117416149330e-01
6.530000000000000000e+02 7.185489176233067488e-01
6.540000000000000000e+02 7.140926387079465920e-01
6.550000000000000000e+02 7.103207266381996732e-01
6.560000000000000000e+02 7.078556659011809860e-01
6.570000000000000000e+02 7.071281297121840836e-01
6.580000000000000000e+02 7.080967974248002506e-01
6.590000000000000000e+02 7.102959302637118499e-01
6.600000000000000000e+02 7.131218913678143423e-01
6.610000000000000000e+02 7.160403326747298847e-01
6.620000000000000000e+02 7.186485279327452513e-01
6.630000000000000000e+02 7.206853199863201276e-01
6.640000000000000000e+02 7.220170535118149990e-01
6.650000000000000000e+02 7.226051278258961430e-01
6.660000000000000000e+02 7.224807531654263704e-01
6.670000000000000000e+02 7.217290112997755136e-01
6.680000000000000000e+02 7.204579700689920374e-01
6.690000000000000000e+02 7.187670073250870262e-01
6.700000000000000000e+02 7.167517017904626586e-01
6.710000000000000000e+02 7.145251234795364503e-01
6.720000000000000000e+02 7.122097100506472600e-01
6.730000000000000000e+02 7.099050914359834596e-01
6.740000000000000000e+02 7.076691956227535441e-01
6.750000000000000000e+02 7.055232372950952513e-01
6.760000000000000000e+02 7.034614844933476663e-01
6.770000000000000000e+02 7.014611366714293972e-01
6.780000000000000000e+02 6.994981941489898380e-01
6.790000000000000000e+02 6.975600733137812259e-01
6.800000000000000000e+02 6.956486863773201357e-01
6.810000000000000000e+02 6.937782072216731599e-01
6.820000000000000000e+02 6.919751489598434668e-01
6.830000000000000000e+02 6.902838398077074666e-01
6.840000000000000000e+02 6.887640844954446839e-01
6.850000000000000000e+02 6.874708881112322478e-01
6.860000000000000000e+02 6.864230826394055462e-01
6.870000000000000000e+02 6.855716173945053393e-01
6.880000000000000000e+02 6.847968434835739471e-01
6.890000000000000000e+02 6.839537963777755358e-01
6.900000000000000000e+02 6.829268165907490529e-01
6.910000000000000000e+02 6.816562306165980800e-01
6.920000000000000000e+02 6.801372408884474030e-01
6.930000000000000000e+02 6.783998516196152462e-01
6.940000000000000000e+02 6.764911190625906290e-01
6.950000000000000000e+02 6.744721384148649745e-01
6.960000000000000000e+02 6.724119865842755894e-01
6.970000000000000000e+02 6.703759813248069133e-01
6.980000000000000000e+02 6.684214199831793879e-01
6.990000000000000000e+02 6.665928220265697757e-01
7.000000000000000000e+02 6.649181779507679080e-01
7.010000000000000000e+02 6.634146128603043424e-01
7.020000000000000000e+02 6.620831309965096168e-01
7.030000000000000000e+02 6.608852195551307984e-01
7.040000000000000000e+02 6.597324823731605115e-01
7.050000000000000000e+02 6.585136422794221067e-01
7.060000000000000000e+02 6.571425194315402285e-01
7.070000000000000000e+02 6.555844697437303026e-01
7.080000000000000000e+02 6.538430509383791334e-01
7.090000000000000000e+02 6.519315539793910652e-01
7.100000000000000000e+02 6.498580453252584821e-01
7.110000000000000000e+02 6.476343430709872173e-01
7.120000000000000000e+02 6.452967630147314892e-01
7.130000000000000000e+02 6.429085227841280226e-01
7.140000000000000000e+02 6.405418704219690840e-01
7.150000000000000000e+02 6.382658446717214273e-01
7.160000000000000000e+02 6.361406750870320925e-01
7.170000000000000000e+02 6.342161296050279340e-01
7.180000000000000000e+02 6.325451614063307693e-01
7.190000000000000000e+02 6.311826612924077429e-01
7.200000000000000000e+02 6.301366103685209774e-01
7.210000000000000000e+02 6.293282263171292579e-01
7.220000000000000000e+02 6.286214997278340988e-01
7.230000000000000000e+02 6.278818072875321787e-01
7.240000000000000000e+02 6.270103006190855810e-01
7.250000000000000000e+02 6.259571020577522349e-01
7.260000000000000000e+02 6.247226326022364828e-01
7.270000000000000000e+02 6.233481544445685918e-01
7.280000000000000000e+02 6.219074035407058387e-01
7.290000000000000000e+02 6.204887511762932073e-01
7.300000000000000000e+02 6.191459856177300436e-01
7.310000000000000000e+02 6.178614059913242196e-01
7.320000000000000000e+02 6.165656763345193081e-01
7.330000000000000000e+02 6.151758508036070383e-01
7.340000000000000000e+02 6.136177838212393265e-01
7.350000000000000000e+02 6.118499418900222864e-01
7.360000000000000000e+02 6.098902709489508744e-01
7.370000000000000000e+02 6.078199485802797675e-01
7.380000000000000000e+02 6.057657006574417302e-01
7.390000000000000000e+02 6.038754566965748305e-01
7.400000000000000000e+02 6.022782933764659896e-01
7.410000000000000000e+02 6.010449365808955280e-01
7.420000000000000000e+02 6.001746450787334153e-01
7.430000000000000000e+02 5.995974954159226655e-01
7.440000000000000000e+02 5.991946183100249623e-01
7.450000000000000000e+02 5.988433594646563884e-01
7.460000000000000000e+02 5.984549512682679762e-01
7.470000000000000000e+02 5.979835144405919456e-01
7.480000000000000000e+02 5.974203615037662063e-01
7.490000000000000000e+02 5.967830765763079137e-01
7.500000000000000000e+02 5.960993670465494221e-01
7.510000000000000000e+02 5.953910817704060054e-01
7.520000000000000000e+02 5.946635409368112857e-01
7.530000000000000000e+02 5.939009509571657741e-01
7.540000000000000000e+02 5.930696648793489789e-01
7.550000000000000000e+02 5.921341871769001397e-01
7.560000000000000000e+02 5.910774903697537663e-01
7.570000000000000000e+02 5.899011772313129676e-01
7.580000000000000000e+02 5.886089474312750092e-01
7.590000000000000000e+02 5.872006231115347585e-01
7.600000000000000000e+02 5.856749646208206928e-01
7.610000000000000000e+02 5.840289621537163578e-01
7.620000000000000000e+02 5.822574361433435763e-01
7.630000000000000000e+02 5.803560321530646382e-01
7.640000000000000000e+02 5.783352809411294038e-01
7.650000000000000000e+02 5.762474583810358597e-01
7.660000000000000000e+02 5.741930033969440128e-01
7.670000000000000000e+02 5.722765167995763624e-01
7.680000000000000000e+02 5.705542413238665622e-01
7.690000000000000000e+02 5.690351532527065936e-01
7.700000000000000000e+02 5.677129273361488648e-01
7.710000000000000000e+02 5.665758225027228701e-01
7.720000000000000000e+02 5.655994054079190869e-01
7.730000000000000000e+02 5.647457252825585083e-01
7.740000000000000000e+02 5.639705112919463081e-01
7.750000000000000000e+02 5.632303704408948564e-01
7.760000000000000000e+02 5.624875473481777410e-01
7.770000000000000000e+02 5.617144495416784844e-01
7.780000000000000000e+02 5.608945666810043473e-01
7.790000000000000000e+02 5.600194988845734745e-01
7.800000000000000000e+02 5.590889399843138596e-01
7.810000000000000000e+02 5.581079750967520292e-01
7.820000000000000000e+02 5.570758665296794421e-01
7.830000000000000000e+02 5.559802793188756143e-01
7.840000000000000000e+02 5.548002418398941815e-01
7.850000000000000000e+02 5.535047093171194810e-01
7.860000000000000000e+02 5.520526149771921576e-01
7.870000000000000000e+02 5.504071990091526922e-01
7.880000000000000000e+02 5.485548272350201371e-01
7.890000000000000000e+02 5.465143937758374371e-01
7.900000000000000000e+02 5.443394821644373938e-01
7.910000000000000000e+02 5.421165190444429127e-01
7.920000000000000000e+02 5.399540159180787890e-01
7.930000000000000000e+02 5.379623770200701038e-01
7.940000000000000000e+02 5.362286852894666556e-01
7.950000000000000000e+02 5.347880954233938944e-01
7.960000000000000000e+02 5.336046073259602673e-01
7.970000000000000000e+02 5.325873283077913189e-01
7.980000000000000000e+02 5.316411832580703045e-01
7.990000000000000000e+02 5.307087214728065661e-01
