2.875000000000000000e+02 1.649918587376834334e-01
2.880000000000000000e+02 1.768400508098937618e-01
2.885000000000000000e+02 1.897924995489226607e-01
2.890000000000000000e+02 2.034050595217065383e-01
2.895000000000000000e+02 2.169588100246818974e-01
2.900000000000000000e+02 2.295797825264928871e-01
2.905000000000000000e+02 2.404543058250790122e-01
2.910000000000000000e+02 2.490299456510356446e-01
2.915000000000000000e+02 2.551170244745046833e-01
2.920000000000000000e+02 2.588669966205151551e-01
2.925000000000000000e+02 2.606543585564656818e-01
2.930000000000000000e+02 2.609204718823240898e-01
2.935000000000000000e+02 2.600579375303845309e-01
2.940000000000000000e+02 2.583762891328762468e-01
2.945000000000000000e+02 2.561052979724736112e-01
2.950000000000000000e+02 2.533849013244399151e-01
2.955000000000000000e+02 2.502665041197391083e-01
2.960000000000000000e+02 2.467741514435181083e-01
2.965000000000000000e+02 2.429977355672897910e-01
2.970000000000000000e+02 2.391182895244948481e-01
2.975000000000000000e+02 2.353437833888154251e-01
2.980000000000000000e+02 2.318740074339791513e-01
2.985000000000000000e+02 2.289428319513793497e-01
2.990000000000000000e+02 2.268281628338112421e-01
2.995000000000000000e+02 2.258013526876022081e-01
3.000000000000000000e+02 2.261048178867862690e-01
3.005000000000000000e+02 2.279414268942837329e-01
3.010000000000000000e+02 2.314093218274713704e-01
3.015000000000000000e+02 2.364364613043268282e-01
3.020000000000000000e+02 2.427657180856690466e-01
3.025000000000000000e+02 2.499429283466094720e-01
3.030000000000000000e+02 2.573309100222254675e-01
3.035000000000000000e+02 2.642472383766437671e-01
3.040000000000000000e+02 2.701700405973581076e-01
3.045000000000000000e+02 2.748424902360623312e-01
3.050000000000000000e+02 2.782514960994616482e-01
3.055000000000000000e+02 2.805798717670652809e-01
3.060000000000000000e+02 2.821479189530415876e-01
3.065000000000000000e+02 2.833029493693009493e-01
3.070000000000000000e+02 2.843095685223691049e-01
3.075000000000000000e+02 2.853340797856443456e-01
3.080000000000000000e+02 2.865192502714798972e-01
3.085000000000000000e+02 2.880723739228775448e-01
3.090000000000000000e+02 2.902932603838002668e-01
3.095000000000000000e+02 2.934787071929876867e-01
3.100000000000000000e+02 2.977066443614556079e-01
3.105000000000000000e+02 3.026640821786678592e-01
3.110000000000000000e+02 3.077246111417682450e-01
3.115000000000000000e+02 3.122504682028378054e-01
3.120000000000000000e+02 3.158557923287388380e-01
3.125000000000000000e+02 3.184421360997747308e-01
3.130000000000000000e+02 3.200770398140685424e-01
3.135000000000000000e+02 3.208947660384698919e-01
3.140000000000000000e+02 3.210975379750292125e-01
3.145000000000000000e+02 3.209911707456467034e-01
3.150000000000000000e+02 3.209640231883809092e-01
3.155000000000000000e+02 3.214090440299413598e-01
3.160000000000000000e+02 3.226119677334194913e-01
3.165000000000000000e+02 3.246162146027876116e-01
3.170000000000000000e+02 3.271713724420035607e-01
3.175000000000000000e+02 3.298794073110436487e-01
3.180000000000000000e+02 3.324399759842808777e-01
3.185000000000000000e+02 3.347546386822341513e-01
3.190000000000000000e+02 3.368203321672554318e-01
3.195000000000000000e+02 3.385941413893265861e-01
3.200000000000000000e+02 3.399884139510169212e-01
3.205000000000000000e+02 3.409831681537950909e-01
3.210000000000000000e+02 3.417676843498210770e-01
3.215000000000000000e+02 3.427917982742637037e-01
3.220000000000000000e+02 3.446714422011172285e-01
3.225000000000000000e+02 3.480492834459812390e-01
3.230000000000000000e+02 3.534825711999860509e-01
3.235000000000000000e+02 3.613061381236131742e-01
3.240000000000000000e+02 3.714983018562326156e-01
3.245000000000000000e+02 3.836623130398565396e-01
3.250000000000000000e+02 3.971174869421021936e-01
3.255000000000000000e+02 4.110160417053145276e-01
3.260000000000000000e+02 4.244818341280311991e-01
3.265000000000000000e+02 4.367909278348799385e-01
3.270000000000000000e+02 4.475181076808650849e-01
3.275000000000000000e+02 4.565522436594789957e-01
3.280000000000000000e+02 4.639843768216787567e-01
3.285000000000000000e+02 4.699342839440822095e-01
3.290000000000000000e+02 4.743916903643965455e-01
3.295000000000000000e+02 4.771854920487315632e-01
3.300000000000000000e+02 4.781397597846918091e-01
3.305000000000000000e+02 4.772801862829538222e-01
3.310000000000000000e+02 4.748830456143913747e-01
3.315000000000000000e+02 4.713477366768515364e-01
3.320000000000000000e+02 4.670561368279858572e-01
3.325000000000000000e+02 4.623257367982739896e-01
3.330000000000000000e+02 4.574176827686779467e-01
3.335000000000000000e+02 4.525332840668951917e-01
3.340000000000000000e+02 4.477925448321740109e-01
3.345000000000000000e+02 4.432441263991891423e-01
3.350000000000000000e+02 4.389541588552522411e-01
3.355000000000000000e+02 4.351382264442953951e-01
3.360000000000000000e+02 4.322186671632905486e-01
3.365000000000000000e+02 4.307159822538353389e-01
3.370000000000000000e+02 4.310165802246146982e-01
3.375000000000000000e+02 4.331735182955522290e-01
3.380000000000000000e+02 4.368713110176982717e-01
3.385000000000000000e+02 4.415454356970806016e-01
3.390000000000000000e+02 4.465402905319635352e-01
3.395000000000000000e+02 4.512152000367375959e-01
3.400000000000000000e+02 4.550118272615468751e-01
3.405000000000000000e+02 4.575424916328729719e-01
3.410000000000000000e+02 4.586645983332333087e-01
3.415000000000000000e+02 4.584324532779170402e-01
3.420000000000000000e+02 4.569594211847003429e-01
3.425000000000000000e+02 4.543602369484839310e-01
3.430000000000000000e+02 4.508353917240717768e-01
3.435000000000000000e+02 4.467914369587430712e-01
3.440000000000000000e+02 4.428406693085555901e-01
3.445000000000000000e+02 4.395977832734307422e-01
3.450000000000000000e+02 4.374065866894999988e-01
3.455000000000000000e+02 4.362665707625122957e-01
3.460000000000000000e+02 4.360057222083355000e-01
3.465000000000000000e+02 4.364689058821747958e-01
3.470000000000000000e+02 4.375863995070326529e-01
3.475000000000000000e+02 4.393818680297342794e-01
3.480000000000000000e+02 4.419472536201830559e-01
3.485000000000000000e+02 4.453737883216652427e-01
3.490000000000000000e+02 4.496755596820120604e-01
3.495000000000000000e+02 4.547175534008483511e-01
3.500000000000000000e+02 4.601693798600181573e-01
3.505000000000000000e+02 4.655814319498878806e-01
3.510000000000000000e+02 4.705844659966423316e-01
3.515000000000000000e+02 4.750309046844353733e-01
3.520000000000000000e+02 4.789461888257913746e-01
3.525000000000000000e+02 4.823457952111661617e-01
3.530000000000000000e+02 4.850357142969116131e-01
3.535000000000000000e+02 4.865227883774923545e-01
3.540000000000000000e+02 4.861381155202930127e-01
3.545000000000000000e+02 4.833120441824090285e-01
3.550000000000000000e+02 4.778231423850857196e-01
3.555000000000000000e+02 4.699250126250015258e-01
3.560000000000000000e+02 4.603498649707802315e-01
3.565000000000000000e+02 4.502020214262663633e-01
3.570000000000000000e+02 4.407582837022183675e-01
3.575000000000000000e+02 4.332155942894810874e-01
3.580000000000000000e+02 4.284670409856887741e-01
3.585000000000000000e+02 4.269420085577020907e-01
3.590000000000000000e+02 4.284885371134496967e-01
3.595000000000000000e+02 4.324180521682662870e-01
3.600000000000000000e+02 4.378519801136215861e-01
3.605000000000000000e+02 4.441738416029436531e-01
3.610000000000000000e+02 4.512212613750873347e-01
3.615000000000000000e+02 4.591242733216907013e-01
3.620000000000000000e+02 4.680114678463539457e-01
3.625000000000000000e+02 4.778427698433824200e-01
3.630000000000000000e+02 4.884479311837341964e-01
3.635000000000000000e+02 4.996426437016931454e-01
3.640000000000000000e+02 5.112535828274916705e-01
3.645000000000000000e+02 5.230403405478185608e-01
3.650000000000000000e+02 5.346042298916453550e-01
3.655000000000000000e+02 5.453553359039325921e-01
3.660000000000000000e+02 5.546109574334596726e-01
3.665000000000000000e+02 5.618161415901217204e-01
3.670000000000000000e+02 5.667247477159069735e-01
3.675000000000000000e+02 5.694139459242361090e-01
3.680000000000000000e+02 5.701571612712539316e-01
3.685000000000000000e+02 5.692271117069318542e-01
3.690000000000000000e+02 5.667182251069522447e-01
3.695000000000000000e+02 5.625225512399170125e-01
3.700000000000000000e+02 5.565100428177819358e-01
3.705000000000000000e+02 5.487539595481930599e-01
3.710000000000000000e+02 5.395844812176144867e-01
3.715000000000000000e+02 5.295125648013129238e-01
3.720000000000000000e+02 5.192285059958851035e-01
3.725000000000000000e+02 5.096460838208251021e-01
3.730000000000000000e+02 5.018361471399919171e-01
3.735000000000000000e+02 4.968543175307523208e-01
3.740000000000000000e+02 4.955227536865580706e-01
3.745000000000000000e+02 4.982148564481462261e-01
3.750000000000000000e+02 5.047287199928912615e-01
3.755000000000000000e+02 5.143086398951878246e-01
3.760000000000000000e+02 5.258076642712883331e-01
3.765000000000000000e+02 5.378821663689840049e-01
3.770000000000000000e+02 5.490844550474448527e-01
3.775000000000000000e+02 5.579163834531641886e-01
3.780000000000000000e+02 5.630337091638474289e-01
3.785000000000000000e+02 5.635899733854725646e-01
3.790000000000000000e+02 5.594554461683198809e-01
3.795000000000000000e+02 5.510871665427766741e-01
3.800000000000000000e+02 5.391533584721991401e-01
3.805000000000000000e+02 5.242875245378686433e-01
3.810000000000000000e+02 5.072040189290393242e-01
3.815000000000000000e+02 4.889930108511231777e-01
3.820000000000000000e+02 4.712291945932026715e-01
3.825000000000000000e+02 4.557324618443495678e-01
3.830000000000000000e+02 4.441183270348055823e-01
3.835000000000000000e+02 4.373704445953324749e-01
3.840000000000000000e+02 4.355985801506564448e-01
3.845000000000000000e+02 4.380987319044790662e-01
3.850000000000000000e+02 4.437349495392101106e-01
3.855000000000000000e+02 4.514283266422861041e-01
3.860000000000000000e+02 4.604269090951751409e-01
3.865000000000000000e+02 4.702674412444314278e-01
3.870000000000000000e+02 4.806329397921094704e-01
3.875000000000000000e+02 4.912638845469595728e-01
3.880000000000000000e+02 5.018770996588431954e-01
3.885000000000000000e+02 5.120335183469054696e-01
3.890000000000000000e+02 5.210087570880830299e-01
3.895000000000000000e+02 5.277911755771698132e-01
3.900000000000000000e+02 5.312807843142494102e-01
3.905000000000000000e+02 5.305924792453123873e-01
3.910000000000000000e+02 5.253143639501608453e-01
3.915000000000000000e+02 5.157203894612490958e-01
3.920000000000000000e+02 5.029629262538827250e-01
3.925000000000000000e+02 4.890908669944599163e-01
3.930000000000000000e+02 4.766873271290279490e-01
3.935000000000000000e+02 4.681240627095528684e-01
3.940000000000000000e+02 4.647638746947785893e-01
3.945000000000000000e+02 4.666625679963359863e-01
3.950000000000000000e+02 4.730420024470318174e-01
3.955000000000000000e+02 4.831905850157267590e-01
3.960000000000000000e+02 4.971728467720057387e-01
3.965000000000000000e+02 5.158903157399208350e-01
3.970000000000000000e+02 5.403688745113918168e-01
3.975000000000000000e+02 5.707021655930324400e-01
3.980000000000000000e+02 6.055083787094417413e-01
3.985000000000000000e+02 6.423259179870455249e-01
3.990000000000000000e+02 6.784813635352777705e-01
3.995000000000000000e+02 7.117528159986639125e-01
4.000000000000000000e+02 7.406102778992682545e-01
4.010000000000000000e+02 7.641846020586451349e-01
4.020000000000000000e+02 7.821858091185364126e-01
4.030000000000000000e+02 7.948638712244675553e-01
4.040000000000000000e+02 8.029348946262990783e-01
4.050000000000000000e+02 8.074239628270013514e-01
4.060000000000000000e+02 8.094798227582683525e-01
4.070000000000000000e+02 8.101765473112249039e-01
4.080000000000000000e+02 8.103294875779234463e-01
4.090000000000000000e+02 8.104624335908183763e-01
4.100000000000000000e+02 8.109176508792724780e-01
4.110000000000000000e+02 8.118498847317362488e-01
4.120000000000000000e+02 8.131299848429445198e-01
4.130000000000000000e+02 8.144586649752213470e-01
4.140000000000000000e+02 8.155647590137584668e-01
4.150000000000000000e+02 8.162156467864944975e-01
4.160000000000000000e+02 8.161805181690419131e-01
4.170000000000000000e+02 8.153090134794507282e-01
4.180000000000000000e+02 8.135889984072678383e-01
4.190000000000000000e+02 8.110629688331524312e-01
4.200000000000000000e+02 8.076895945604805060e-01
4.210000000000000000e+02 8.032586573570005273e-01
4.220000000000000000e+02 7.974536509478344914e-01
4.230000000000000000e+02 7.900620816816072978e-01
4.240000000000000000e+02 7.811133407145016694e-01
4.250000000000000000e+02 7.708721920054719678e-01
4.260000000000000000e+02 7.598631864802701807e-01
4.270000000000000000e+02 7.489370146435746500e-01
4.280000000000000000e+02 7.392619108856420818e-01
4.290000000000000000e+02 7.322459792791328193e-01
4.300000000000000000e+02 7.293206499643307694e-01
4.310000000000000000e+02 7.313775294380313596e-01
4.320000000000000000e+02 7.381785499829094377e-01
4.330000000000000000e+02 7.485453088219206075e-01
4.340000000000000000e+02 7.611541418563182448e-01
4.350000000000000000e+02 7.749136922919231951e-01
4.360000000000000000e+02 7.888926764693987570e-01
4.370000000000000000e+02 8.024521484747298983e-01
4.380000000000000000e+02 8.154925832727121238e-01
4.390000000000000000e+02 8.283082492628311977e-01
4.400000000000000000e+02 8.411156956992319467e-01
4.410000000000000000e+02 8.538053870904850351e-01
4.420000000000000000e+02 8.660740996461646635e-01
4.430000000000000000e+02 8.776472637513305086e-01
4.440000000000000000e+02 8.884199897875173502e-01
4.450000000000000000e+02 8.984803982203859452e-01
4.460000000000000000e+02 9.079937021779314055e-01
4.470000000000000000e+02 9.169914837998219825e-01
4.480000000000000000e+02 9.252564614207451354e-01
4.490000000000000000e+02 9.324451711070567139e-01
4.500000000000000000e+02 9.382672183096473217e-01
4.510000000000000000e+02 9.425897718160692884e-01
4.520000000000000000e+02 9.455490566346579362e-01
4.530000000000000000e+02 9.475520930203936709e-01
4.540000000000000000e+02 9.490332439875324155e-01
4.550000000000000000e+02 9.502083858295885532e-01
4.560000000000000000e+02 9.510724826053594816e-01
4.570000000000000000e+02 9.515421622097872678e-01
4.580000000000000000e+02 9.515785631999342797e-01
4.590000000000000000e+02 9.512165683634563607e-01
4.600000000000000000e+02 9.504918315993228228e-01
4.610000000000000000e+02 9.493625612650055112e-01
4.620000000000000000e+02 9.477367822882278858e-01
4.630000000000000000e+02 9.455966698166742290e-01
4.640000000000000000e+02 9.431005238985820105e-01
4.650000000000000000e+02 9.405600545515948596e-01
4.660000000000000000e+02 9.383280225927400631e-01
4.670000000000000000e+02 9.367051746293735270e-01
4.680000000000000000e+02 9.358877890876552419e-01
4.690000000000000000e+02 9.359557133905996862e-01
4.700000000000000000e+02 9.369118959014741677e-01
4.710000000000000000e+02 9.386769900017511992e-01
4.720000000000000000e+02 9.410366789768065399e-01
4.730000000000000000e+02 9.436814234783412747e-01
4.740000000000000000e+02 9.462851562556215956e-01
4.750000000000000000e+02 9.485115495965582566e-01
4.760000000000000000e+02 9.500249161952725174e-01
4.770000000000000000e+02 9.505171762140623981e-01
4.780000000000000000e+02 9.496944142248853193e-01
4.790000000000000000e+02 9.472945439421084357e-01
4.800000000000000000e+02 9.431538642605969969e-01
4.810000000000000000e+02 9.372572807276700058e-01
4.820000000000000000e+02 9.297854191016087233e-01
4.830000000000000000e+02 9.211724331688192491e-01
4.840000000000000000e+02 9.121322045084104824e-01
4.850000000000000000e+02 9.036334895223568919e-01
4.860000000000000000e+02 8.967529211307663228e-01
4.870000000000000000e+02 8.922902503080430980e-01
4.880000000000000000e+02 8.904072481899341085e-01
4.890000000000000000e+02 8.906945215769395130e-01
4.900000000000000000e+02 8.924888219907269882e-01
4.910000000000000000e+02 8.951235811903983652e-01
4.920000000000000000e+02 8.980692899973292675e-01
4.930000000000000000e+02 9.009046006860644829e-01
4.940000000000000000e+02 9.032237736706277831e-01
4.950000000000000000e+02 9.046770420453931205e-01
4.960000000000000000e+02 9.050919600392726139e-01
4.970000000000000000e+02 9.045348679577139839e-01
4.980000000000000000e+02 9.032697713578187182e-01
4.990000000000000000e+02 9.016657594838451972e-01
5.000000000000000000e+02 9.001124578026208356e-01
5.010000000000000000e+02 8.989505315179397993e-01
5.020000000000000000e+02 8.983881259082594495e-01
5.030000000000000000e+02 8.984293025053325943e-01
5.040000000000000000e+02 8.988834945600628901e-01
5.050000000000000000e+02 8.994054527211354788e-01
5.060000000000000000e+02 8.995501337589946189e-01
5.070000000000000000e+02 8.989258245061728658e-01
5.080000000000000000e+02 8.973102768342045010e-01
5.090000000000000000e+02 8.945850598934421694e-01
5.100000000000000000e+02 8.906561109703658996e-01
5.110000000000000000e+02 8.854845079426656440e-01
5.120000000000000000e+02 8.791633691992005728e-01
5.130000000000000000e+02 8.720046554250246995e-01
5.140000000000000000e+02 8.645492378540289291e-01
5.150000000000000000e+02 8.574506543535609371e-01
5.160000000000000000e+02 8.514070859266470448e-01
5.170000000000000000e+02 8.471491190225751700e-01
5.180000000000000000e+02 8.452238331532215820e-01
5.190000000000000000e+02 8.456907931016870439e-01
5.200000000000000000e+02 8.481011923057970581e-01
5.210000000000000000e+02 8.517405689326159601e-01
5.220000000000000000e+02 8.559105552289478780e-01
5.230000000000000000e+02 8.601024656801460333e-01
5.240000000000000000e+02 8.640028176067794385e-01
5.250000000000000000e+02 8.674674081678066528e-01
5.260000000000000000e+02 8.705749840758996161e-01
5.270000000000000000e+02 8.735655596155688096e-01
5.280000000000000000e+02 8.765343037293896744e-01
5.290000000000000000e+02 8.792300934481702690e-01
5.300000000000000000e+02 8.812403528158841981e-01
5.310000000000000000e+02 8.822748709461977201e-01
5.320000000000000000e+02 8.822961835591257573e-01
5.330000000000000000e+02 8.815210958837649269e-01
5.340000000000000000e+02 8.802405744790245956e-01
5.350000000000000000e+02 8.785920825797275402e-01
5.360000000000000000e+02 8.765817559073916243e-01
5.370000000000000000e+02 8.742768263421059061e-01
5.380000000000000000e+02 8.718810027289048969e-01
5.390000000000000000e+02 8.696829450332521638e-01
5.400000000000000000e+02 8.680064001009812902e-01
5.410000000000000000e+02 8.671103139666280768e-01
5.420000000000000000e+02 8.670279447998171518e-01
5.430000000000000000e+02 8.675398929475379717e-01
5.440000000000000000e+02 8.683275316515494113e-01
5.450000000000000000e+02 8.691324072336095163e-01
5.460000000000000000e+02 8.698144704027841456e-01
5.470000000000000000e+02 8.703252162326741148e-01
5.480000000000000000e+02 8.706534430136398939e-01
5.490000000000000000e+02 8.707788303311040368e-01
5.500000000000000000e+02 8.706494490084379922e-01
5.510000000000000000e+02 8.701951764907334130e-01
5.520000000000000000e+02 8.693525459848931991e-01
5.530000000000000000e+02 8.680860784423768406e-01
5.540000000000000000e+02 8.663995822600215613e-01
5.550000000000000000e+02 8.643415376606591316e-01
5.560000000000000000e+02 8.620362092397445553e-01
5.570000000000000000e+02 8.596987381984496635e-01
5.580000000000000000e+02 8.575835629947066163e-01
5.590000000000000000e+02 8.559124136495441793e-01
5.600000000000000000e+02 8.547984722037438310e-01
5.610000000000000000e+02 8.541918610554227742e-01
5.620000000000000000e+02 8.539386660488507141e-01
5.630000000000000000e+02 8.538946854631299654e-01
5.640000000000000000e+02 8.539750921754639679e-01
5.650000000000000000e+02 8.541673406209469022e-01
5.660000000000000000e+02 8.545110431761790970e-01
5.670000000000000000e+02 8.550165641615211642e-01
5.680000000000000000e+02 8.556280387595158743e-01
5.690000000000000000e+02 8.562951972145798063e-01
5.700000000000000000e+02 8.570273594959529895e-01
5.710000000000000000e+02 8.578385247184276974e-01
5.720000000000000000e+02 8.586539084183939519e-01
5.730000000000000000e+02 8.593059734373021952e-01
5.740000000000000000e+02 8.596506741763253467e-01
5.750000000000000000e+02 8.596664355640180055e-01
5.760000000000000000e+02 8.594290666583650484e-01
5.770000000000000000e+02 8.590298931959496898e-01
5.780000000000000000e+02 8.585345272616503598e-01
5.790000000000000000e+02 8.579648273173912099e-01
5.800000000000000000e+02 8.572650174261607914e-01
5.810000000000000000e+02 8.562974243234434679e-01
5.820000000000000000e+02 8.548877926764103519e-01
5.830000000000000000e+02 8.528858101428545835e-01
5.840000000000000000e+02 8.502279046831975329e-01
5.850000000000000000e+02 8.469832522075830816e-01
5.860000000000000000e+02 8.433487578612182123e-01
5.870000000000000000e+02 8.396034969639072365e-01
5.880000000000000000e+02 8.360916213178267720e-01
5.890000000000000000e+02 8.332045846667476274e-01
5.900000000000000000e+02 8.312230242407940839e-01
5.910000000000000000e+02 8.301313622180581664e-01
5.920000000000000000e+02 8.296700017929568016e-01
5.930000000000000000e+02 8.295347590777839564e-01
5.940000000000000000e+02 8.294809810979959508e-01
5.950000000000000000e+02 8.293273706519892485e-01
5.960000000000000000e+02 8.289430531292223403e-01
5.970000000000000000e+02 8.282521294393956346e-01
5.980000000000000000e+02 8.272575962463221133e-01
5.990000000000000000e+02 8.260415303451427160e-01
6.000000000000000000e+02 8.247241836489578315e-01
6.010000000000000000e+02 8.234233536318671387e-01
6.020000000000000000e+02 8.222174276454605746e-01
6.030000000000000000e+02 8.210917240665347450e-01
6.040000000000000000e+02 8.199207532478227645e-01
6.050000000000000000e+02 8.185336113939337688e-01
6.060000000000000000e+02 8.168000232756320589e-01
6.070000000000000000e+02 8.146631587426796939e-01
6.080000000000000000e+02 8.121341680399614127e-01
6.090000000000000000e+02 8.092833865670546745e-01
6.100000000000000000e+02 8.062234435200065219e-01
6.110000000000000000e+02 8.030804220531203574e-01
6.120000000000000000e+02 7.999761580241878667e-01
6.130000000000000000e+02 7.970419305610545457e-01
6.140000000000000000e+02 7.944276047165694798e-01
6.150000000000000000e+02 7.922614063123016859e-01
6.160000000000000000e+02 7.906080547140043047e-01
6.170000000000000000e+02 7.894552956287180789e-01
6.180000000000000000e+02 7.886877335299811165e-01
6.190000000000000000e+02 7.880925524058903786e-01
6.200000000000000000e+02 7.874434717296860953e-01
6.210000000000000000e+02 7.865912564500584514e-01
6.220000000000000000e+02 7.855025317887871505e-01
6.230000000000000000e+02 7.842433354342944751e-01
6.240000000000000000e+02 7.829250894419192974e-01
6.250000000000000000e+02 7.816489469649524624e-01
6.260000000000000000e+02 7.804547777968022793e-01
6.270000000000000000e+02 7.792875959145633136e-01
6.280000000000000000e+02 7.780336338708901955e-01
6.290000000000000000e+02 7.766128127423066463e-01
6.300000000000000000e+02 7.750393260931108808e-01
6.310000000000000000e+02 7.734132580105422816e-01
6.320000000000000000e+02 7.718628351826044565e-01
6.330000000000000000e+02 7.704656923306200111e-01
6.340000000000000000e+02 7.692168713973464023e-01
6.350000000000000000e+02 7.680689767079725838e-01
6.360000000000000000e+02 7.669631826786924567e-01
6.370000000000000000e+02 7.658137166222654946e-01
6.380000000000000000e+02 7.645128404429080149e-01
6.390000000000000000e+02 7.629894653253449510e-01
6.400000000000000000e+02 7.612519886362130173e-01
6.410000000000000000e+02 7.593544608876020563e-01
6.420000000000000000e+02 7.573265973286001929e-01
6.430000000000000000e+02 7.551404609581386929e-01
6.440000000000000000e+02 7.527295400267842718e-01
6.450000000000000000e+02 7.500281090571987441e-01
6.460000000000000000e+02 7.469996357157648870e-01
6.470000000000000000e+02 7.436409527228813321e-01
6.480000000000000000e+02 7.399778086580867109e-01
6.490000000000000000e+02 7.360668255604531085e-01
6.500000000000000000e+02 7.319648390670348004e-01
6.510000000000000000e+02 7.276740136231512057e-01
6.520000000000000000e+02 7.231737117416149330e-01
6.530000000000000000e+02 7.185489176233067488e-01
6.540000000000000000e+02 7.140926387079465920e-01
6.550000000000000000e+02 7.103207266381996732e-01
6.560000000000000000e+02 7.078556659011809860e-01
6.570000000000000000e+02 7.071281297121840836e-01
6.580000000000000000e+02 7.080967974248002506e-01
6.590000000000000000e+02 7.102959302637118499e-01
6.600000000000000000e+02 7.131218913678143423e-01
6.610000000000000000e+02 7.160403326747298847e-01
6.620000000000000000e+02 7.186485279327452513e-01
6.630000000000000000e+02 7.206853199863201276e-01
6.640000000000000000e+02 7.220170535118149990e-01
6.650000000000000000e+02 7.226051278258961430e-01
6.660000000000000000e+02 7.224807531654263704e-01
6.670000000000000000e+02 7.217290112997755136e-01
6.680000000000000000e+02 7.204579700689920374e-01
6.690000000000000000e+02 7.187670073250870262e-01
6.700000000000000000e+02 7.167517017904626586e-01
6.710000000000000000e+02 7.145251234795364503e-01
6.720000000000000000e+02 7.122097100506472600e-01
6.730000000000000000e+02 7.099050914359834596e-01
6.740000000000000000e+02 7.076691956227535441e-01
6.750000000000000000e+02 7.055232372950952513e-01
6.760000000000000000e+02 7.034614844933476663e-01
6.770000000000000000e+02 7.014611366714293972e-01
6.780000000000000000e+02 6.994981941489898380e-01
6.790000000000000000e+02 6.975600733137812259e-01
6.800000000000000000e+02 6.956486863773201357e-01
6.810000000000000000e+02 6.937782072216731599e-01
6.820000000000000000e+02 6.919751489598434668e-01
6.830000000000000000e+02 6.902838398077074666e-01
6.840000000000000000e+02 6.887640844954446839e-01
6.850000000000000000e+02 6.874708881112322478e-01
6.860000000000000000e+02 6.864230826394055462e-01
6.870000000000000000e+02 6.855716173945053393e-01
6.880000000000000000e+02 6.847968434835739471e-01
6.890000000000000000e+02 6.839537963777755358e-01
6.900000000000000000e+02 6.829268165907490529e-01
6.910000000000000000e+02 6.816562306165980800e-01
6.920000000000000000e+02 6.801372408884474030e-01
6.930000000000000000e+02 6.783998516196152462e-01
6.940000000000000000e+02 6.764911190625906290e-01
6.950000000000000000e+02 6.744721384148649745e-01
6.960000000000000000e+02 6.724119865842755894e-01
6.970000000000000000e+02 6.703759813248069133e-01
6.980000000000000000e+02 6.684214199831793879e-01
6.990000000000000000e+02 6.665928220265697757e-01
7.000000000000000000e+02 6.649181779507679080e-01
7.010000000000000000e+02 6.634146128603043424e-01
7.020000000000000000e+02 6.620831309965096168e-01
7.030000000000000000e+02 6.608852195551307984e-01
7.040000000000000000e+02 6.597324823731605115e-01
7.050000000000000000e+02 6.585136422794221067e-01
7.060000000000000000e+02 6.571425194315402285e-01
7.070000000000000000e+02 6.555844697437303026e-01
7.080000000000000000e+02 6.538430509383791334e-01
7.090000000000000000e+02 6.519315539793910652e-01
7.100000000000000000e+02 6.498580453252584821e-01
7.110000000000000000e+02 6.476343430709872173e-01
7.120000000000000000e+02 6.452967630147314892e-01
7.130000000000000000e+02 6.429085227841280226e-01
7.140000000000000000e+02 6.405418704219690840e-01
7.150000000000000000e+02 6.382658446717214273e-01
7.160000000000000000e+02 6.361406750870320925e-01
7.170000000000000000e+02 6.342161296050279340e-01
7.180000000000000000e+02 6.325451614063307693e-01
7.190000000000000000e+02 6.311826612924077429e-01
7.200000000000000000e+02 6.301366103685209774e-01
7.210000000000000000e+02 6.293282263171292579e-01
7.220000000000000000e+02 6.286214997278340988e-01
7.230000000000000000e+02 6.278818072875321787e-01
7.240000000000000000e+02 6.270103006190855810e-01
7.250000000000000000e+02 6.259571020577522349e-01
7.260000000000000000e+02 6.247226326022364828e-01
7.270000000000000000e+02 6.233481544445685918e-01
7.280000000000000000e+02 6.219074035407058387e-01
7.290000000000000000e+02 6.204887511762932073e-01
7.300000000000000000e+02 6.191459856177300436e-01
7.310000000000000000e+02 6.178614059913242196e-01
7.320000000000000000e+02 6.165656763345193081e-01
7.330000000000000000e+02 6.151758508036070383e-01
7.340000000000000000e+02 6.136177838212393265e-01
7.350000000000000000e+02 6.118499418900222864e-01
7.360000000000000000e+02 6.098902709489508744e-01
7.370000000000000000e+02 6.078199485802797675e-01
7.380000000000000000e+02 6.057657006574417302e-01
7.390000000000000000e+02 6.038754566965748305e-01
7.400000000000000000e+02 6.022782933764659896e-01
7.410000000000000000e+02 6.010449365808955280e-01
7.420000000000000000e+02 6.001746450787334153e-01
7.430000000000000000e+02 5.995974954159226655e-01
7.440000000000000000e+02 5.991946183100249623e-01
7.450000000000000000e+02 5.988433594646563884e-01
7.460000000000000000e+02 5.984549512682679762e-01
7.470000000000000000e+02 5.979835144405919456e-01
7.480000000000000000e+02 5.974203615037662063e-01
7.490000000000000000e+02 5.967830765763079137e-01
7.500000000000000000e+02 5.960993670465494221e-01
7.510000000000000000e+02 5.953910817704060054e-01
7.520000000000000000e+02 5.946635409368112857e-01
7.530000000000000000e+02 5.939009509571657741e-01
7.540000000000000000e+02 5.930696648793489789e-01
7.550000000000000000e+02 5.921341871769001397e-01
7.560000000000000000e+02 5.910774903697537663e-01
7.570000000000000000e+02 5.899011772313129676e-01
7.580000000000000000e+02 5.886089474312750092e-01
7.590000000000000000e+02 5.872006231115347585e-01
7.600000000000000000e+02 5.856749646208206928e-01
7.610000000000000000e+02 5.840289621537163578e-01
7.620000000000000000e+02 5.822574361433435763e-01
7.630000000000000000e+02 5.803560321530646382e-01
7.640000000000000000e+02 5.783352809411294038e-01
7.650000000000000000e+02 5.762474583810358597e-01
7.660000000000000000e+02 5.741930033969440128e-01
7.670000000000000000e+02 5.722765167995763624e-01
7.680000000000000000e+02 5.705542413238665622e-01
7.690000000000000000e+02 5.690351532527065936e-01
7.700000000000000000e+02 5.677129273361488648e-01
7.710000000000000000e+02 5.665758225027228701e-01
7.720000000000000000e+02 5.655994054079190869e-01
7.730000000000000000e+02 5.647457252825585083e-01
7.740000000000000000e+02 5.639705112919463081e-01
7.750000000000000000e+02 5.632303704408948564e-01
7.760000000000000000e+02 5.624875473481777410e-01
7.770000000000000000e+02 5.617144495416784844e-01
7.780000000000000000e+02 5.608945666810043473e-01
7.790000000000000000e+02 5.600194988845734745e-01
7.800000000000000000e+02 5.590889399843138596e-01
7.810000000000000000e+02 5.581079750967520292e-01
7.820000000000000000e+02 5.570758665296794421e-01
7.830000000000000000e+02 5.559802793188756143e-01
7.840000000000000000e+02 5.548002418398941815e-01
7.850000000000000000e+02 5.535047093171194810e-01
7.860000000000000000e+02 5.520526149771921576e-01
7.870000000000000000e+02 5.504071990091526922e-01
7.880000000000000000e+02 5.485548272350201371e-01
7.890000000000000000e+02 5.465143937758374371e-01
7.900000000000000000e+02 5.443394821644373938e-01
7.910000000000000000e+02 5.421165190444429127e-01
7.920000000000000000e+02 5.399540159180787890e-01
7.930000000000000000e+02 5.379623770200701038e-01
7.940000000000000000e+02 5.362286852894666556e-01
7.950000000000000000e+02 5.347880954233938944e-01
7.960000000000000000e+02 5.336046073259602673e-01
7.970000000000000000e+02 5.325873283077913189e-01
7.980000000000000000e+02 5.316411832580703045e-01
7.990000000000000000e+02 5.307087214728065661e-01
8.000000000000000000e+02 5.297675654856996985e-01
8.010000000000000000e+02 5.288017969567067045e-01
8.020000000000000000e+02 5.277943606515241859e-01
8.030000000000000000e+02 5.267460871601471473e-01
8.040000000000000000e+02 5.256846807907912256e-01
8.050000000000000000e+02 5.246497610997457040e-01
8.060000000000000000e+02 5.236687281924180537e-01
8.070000000000000000e+02 5.227473672712900088e-01
8.080000000000000000e+02 5.218855923453784573e-01
8.090000000000000000e+02 5.210856313403138262e-01
8.100000000000000000e+02 5.203306215865487472e-01
8.110000000000000000e+02 5.195657328148638454e-01
8.120000000000000000e+02 5.187093578326359422e-01
8.130000000000000000e+02 5.176801275319312667e-01
8.140000000000000000e+02 5.164196778847300884e-01
8.150000000000000000e+02 5.149069406456993070e-01
8.160000000000000000e+02 5.131617720114258763e-01
8.170000000000000000e+02 5.112414893849228648e-01
8.180000000000000000e+02 5.092383546957931495e-01
8.190000000000000000e+02 5.072673109625103205e-01
8.200000000000000000e+02 5.054347378040604521e-01
8.210000000000000000e+02 5.038118009016955279e-01
8.220000000000000000e+02 5.024283998427752085e-01
8.230000000000000000e+02 5.012718788999001029e-01
8.240000000000000000e+02 5.002903531737253884e-01
8.250000000000000000e+02 4.994111835426338075e-01
8.260000000000000000e+02 4.985607899064557480e-01
8.270000000000000000e+02 4.976787709733968557e-01
8.280000000000000000e+02 4.967341050775194722e-01
8.290000000000000000e+02 4.957359723489975223e-01
8.300000000000000000e+02 4.947262145377252507e-01
8.310000000000000000e+02 4.937582224676887455e-01
8.320000000000000000e+02 4.928806093356870588e-01
8.330000000000000000e+02 4.921279746108934705e-01
8.340000000000000000e+02 4.915034596378840548e-01
8.350000000000000000e+02 4.909617600258371906e-01
8.360000000000000000e+02 4.904179570793471554e-01
8.370000000000000000e+02 4.897770306475833779e-01
8.380000000000000000e+02 4.889580123430805614e-01
8.390000000000000000e+02 4.879004897719730893e-01
8.400000000000000000e+02 4.865587358730866230e-01
8.410000000000000000e+02 4.849006011595404786e-01
8.420000000000000000e+02 4.829179176143256202e-01
8.430000000000000000e+02 4.806262836452752096e-01
8.440000000000000000e+02 4.780434501370705025e-01
8.450000000000000000e+02 4.751737697916514902e-01
8.460000000000000000e+02 4.720284979515481094e-01
8.470000000000000000e+02 4.686695851742305741e-01
8.480000000000000000e+02 4.652298279929849567e-01
8.490000000000000000e+02 4.619031334215547013e-01
8.500000000000000000e+02 4.589159118236449952e-01
8.510000000000000000e+02 4.564598812705171760e-01
8.520000000000000000e+02 4.546492290494701383e-01
8.530000000000000000e+02 4.535744041534023330e-01
8.540000000000000000e+02 4.533377911813171179e-01
8.550000000000000000e+02 4.539500932778260944e-01
8.560000000000000000e+02 4.552091030864049426e-01
8.570000000000000000e+02 4.567412737615899054e-01
8.580000000000000000e+02 4.581559746244741604e-01
8.590000000000000000e+02 4.591514937981140410e-01
8.600000000000000000e+02 4.595376382854543529e-01
8.610000000000000000e+02 4.592231592525104489e-01
8.620000000000000000e+02 4.582024606264935573e-01
8.630000000000000000e+02 4.565605532350774376e-01
8.640000000000000000e+02 4.544931913176533111e-01
8.650000000000000000e+02 4.523102891605892961e-01
8.660000000000000000e+02 4.503722924790973803e-01
8.670000000000000000e+02 4.489412040956620720e-01
8.680000000000000000e+02 4.480609912929380267e-01
8.690000000000000000e+02 4.475979890665159333e-01
8.700000000000000000e+02 4.473662433797333526e-01
8.710000000000000000e+02 4.472039133166926250e-01
8.720000000000000000e+02 4.469968254181147516e-01
8.730000000000000000e+02 4.466866944631311953e-01
8.740000000000000000e+02 4.462685709300869830e-01
8.750000000000000000e+02 4.457636810411870210e-01
8.760000000000000000e+02 4.451776286221096335e-01
8.770000000000000000e+02 4.444906380275118751e-01
8.780000000000000000e+02 4.436918038789944840e-01
8.790000000000000000e+02 4.428100516956263166e-01
8.800000000000000000e+02 4.419097197806527988e-01
8.810000000000000000e+02 4.410626221887016252e-01
8.820000000000000000e+02 4.403149586038246355e-01
8.830000000000000000e+02 4.396705174470487698e-01
8.840000000000000000e+02 4.391037378890867426e-01
8.850000000000000000e+02 4.385863583296693013e-01
8.860000000000000000e+02 4.381068319195411953e-01
8.870000000000000000e+02 4.376638760016527963e-01
8.880000000000000000e+02 4.372365354798166681e-01
8.890000000000000000e+02 4.367749167954235734e-01
8.900000000000000000e+02 4.362274225788219106e-01
8.910000000000000000e+02 4.355684983341144845e-01
8.920000000000000000e+02 4.348051009436471048e-01
8.930000000000000000e+02 4.339650730820077129e-01
8.940000000000000000e+02 4.330735247980783131e-01
8.950000000000000000e+02 4.321343305365956677e-01
8.960000000000000000e+02 4.311353225711288539e-01
8.970000000000000000e+02 4.300716077809219051e-01
8.980000000000000000e+02 4.289647051004595313e-01
8.990000000000000000e+02 4.278638981049912582e-01
9.000000000000000000e+02 4.268338571622876665e-01
9.010000000000000000e+02 4.259375602767040414e-01
9.020000000000000000e+02 4.252092472708861037e-01
9.030000000000000000e+02 4.246213958953331535e-01
9.040000000000000000e+02 4.240893731608761374e-01
9.050000000000000000e+02 4.235254746724558261e-01
9.060000000000000000e+02 4.228826524857374203e-01
9.070000000000000000e+02 4.221568175672133494e-01
9.080000000000000000e+02 4.213754776953612668e-01
9.090000000000000000e+02 4.205838250179683158e-01
9.100000000000000000e+02 4.198183071760349105e-01
9.110000000000000000e+02 4.190847736945462754e-01
9.120000000000000000e+02 4.183609086391442689e-01
9.130000000000000000e+02 4.176088237650358859e-01
9.140000000000000000e+02 4.167866785230270876e-01
9.150000000000000000e+02 4.158611911079682089e-01
9.160000000000000000e+02 4.148125025092359586e-01
9.170000000000000000e+02 4.136324732170347795e-01
9.180000000000000000e+02 4.123270261969941841e-01
9.190000000000000000e+02 4.109224418308219384e-01
9.200000000000000000e+02 4.094749263518590032e-01
9.210000000000000000e+02 4.080768287752162271e-01
9.220000000000000000e+02 4.068435541538183431e-01
9.230000000000000000e+02 4.058763021068305110e-01
9.240000000000000000e+02 4.052171026145993116e-01
9.250000000000000000e+02 4.048377647153721948e-01
9.260000000000000000e+02 4.046726673701563914e-01
9.270000000000000000e+02 4.046422167507029433e-01
9.280000000000000000e+02 4.046554041304783467e-01
9.290000000000000000e+02 4.046249478017138190e-01
9.300000000000000000e+02 4.044822942320504544e-01
9.310000000000000000e+02 4.041764373581069325e-01
9.320000000000000000e+02 4.036710098998897989e-01
9.330000000000000000e+02 4.029444670129977424e-01
9.340000000000000000e+02 4.019920596396546753e-01
9.350000000000000000e+02 4.008288120497924267e-01
9.360000000000000000e+02 3.994840765571966990e-01
9.370000000000000000e+02 3.979879291813533948e-01
9.380000000000000000e+02 3.963675117889884358e-01
9.390000000000000000e+02 3.946627253145273961e-01
9.400000000000000000e+02 3.929449677224653437e-01
9.410000000000000000e+02 3.913142781416033555e-01
9.420000000000000000e+02 3.898678119729125924e-01
9.430000000000000000e+02 3.886599881314312666e-01
9.440000000000000000e+02 3.876890129899348003e-01
9.450000000000000000e+02 3.869118027251216563e-01
9.460000000000000000e+02 3.862584917658500316e-01
9.470000000000000000e+02 3.856445361280474993e-01
9.480000000000000000e+02 3.849882293562510438e-01
9.490000000000000000e+02 3.842257441701574239e-01
9.500000000000000000e+02 3.833226876241470626e-01
9.510000000000000000e+02 3.822801467167256106e-01
9.520000000000000000e+02 3.811301672088993064e-01
9.530000000000000000e+02 3.799299758009587191e-01
9.540000000000000000e+02 3.787621420419107765e-01
9.550000000000000000e+02 3.777194396940972698e-01
9.560000000000000000e+02 3.768573374770080586e-01
9.570000000000000000e+02 3.761573268420605465e-01
9.580000000000000000e+02 3.755469817048430192e-01
9.590000000000000000e+02 3.749478541051164959e-01
9.600000000000000000e+02 3.743075653818225823e-01
9.610000000000000000e+02 3.736078187946316187e-01
9.620000000000000000e+02 3.728544427858495602e-01
9.630000000000000000e+02 3.720650074344171165e-01
9.640000000000000000e+02 3.712619567262298026e-01
9.650000000000000000e+02 3.704646023301692570e-01
9.660000000000000000e+02 3.696822155298363222e-01
9.670000000000000000e+02 3.689143202540255961e-01
9.680000000000000000e+02 3.681553032327853359e-01
9.690000000000000000e+02 3.673981525632475376e-01
9.700000000000000000e+02 3.666367869005509594e-01
9.710000000000000000e+02 3.658708421148100243e-01
9.720000000000000000e+02 3.651102924998818611e-01
9.730000000000000000e+02 3.643763637371614239e-01
9.740000000000000000e+02 3.636982685918005442e-01
9.750000000000000000e+02 3.630999633444272345e-01
9.760000000000000000e+02 3.625863659189436650e-01
9.770000000000000000e+02 3.621466209722825624e-01
9.780000000000000000e+02 3.617653148697763665e-01
9.790000000000000000e+02 3.614253104214583678e-01
9.800000000000000000e+02 3.611032611846008433e-01
9.810000000000000000e+02 3.607668612151681553e-01
9.820000000000000000e+02 3.603808758845553073e-01
9.830000000000000000e+02 3.599195238751399795e-01
9.840000000000000000e+02 3.593748243354141780e-01
9.850000000000000000e+02 3.587543385652746109e-01
9.860000000000000000e+02 3.580737120752807701e-01
9.870000000000000000e+02 3.573521640509130237e-01
9.880000000000000000e+02 3.566106661729486205e-01
9.890000000000000000e+02 3.558686805714841861e-01
9.900000000000000000e+02 3.551361883008928300e-01
9.910000000000000000e+02 3.544066277376863860e-01
9.920000000000000000e+02 3.536609951325275225e-01
9.930000000000000000e+02 3.528777680704044961e-01
9.940000000000000000e+02 3.520384378301577022e-01
9.950000000000000000e+02 3.511314259979487207e-01
9.960000000000000000e+02 3.501566070760288030e-01
9.970000000000000000e+02 3.491250170133961550e-01
9.980000000000000000e+02 3.480507497863795652e-01
9.990000000000000000e+02 3.469406529290897101e-01
1.000000000000000000e+03 3.457916616217197592e-01
1.001000000000000000e+03 3.445992214421347288e-01
1.002000000000000000e+03 3.433741869398129198e-01
1.003000000000000000e+03 3.421604586253274016e-01
1.004000000000000000e+03 3.410398896588908713e-01
1.005000000000000000e+03 3.401076921541542064e-01
1.006000000000000000e+03 3.394147864647370505e-01
1.007000000000000000e+03 3.389260792346020512e-01
1.008000000000000000e+03 3.385457948794253213e-01
1.009000000000000000e+03 3.381738705013325741e-01
1.010000000000000000e+03 3.377357527932191572e-01
1.011000000000000000e+03 3.371861279850070781e-01
1.012000000000000000e+03 3.365056721710921184e-01
1.013000000000000000e+03 3.356958774388707489e-01
1.014000000000000000e+03 3.347738947728514103e-01
1.015000000000000000e+03 3.337689813034534492e-01
1.016000000000000000e+03 3.327174347636582263e-01
1.017000000000000000e+03 3.316552999718989092e-01
1.018000000000000000e+03 3.306155622831651875e-01
1.019000000000000000e+03 3.296308388072212159e-01
1.020000000000000000e+03 3.287302882483689737e-01
1.021000000000000000e+03 3.279298923573501501e-01
1.022000000000000000e+03 3.272293554487472056e-01
1.023000000000000000e+03 3.266135889160743933e-01
1.024000000000000000e+03 3.260532888502336579e-01
1.025000000000000000e+03 3.255120487274981711e-01
1.026000000000000000e+03 3.249574975900200724e-01
1.027000000000000000e+03 3.243673347451819788e-01
1.028000000000000000e+03 3.237305680923453499e-01
1.029000000000000000e+03 3.230466287463391595e-01
1.030000000000000000e+03 3.223221423128280194e-01
1.031000000000000000e+03 3.215673253579831581e-01
1.032000000000000000e+03 3.207960924342223574e-01
1.033000000000000000e+03 3.200262764708156071e-01
1.034000000000000000e+03 3.192723463294093733e-01
1.035000000000000000e+03 3.185368146307813175e-01
1.036000000000000000e+03 3.178134895719697539e-01
1.037000000000000000e+03 3.170981426932756309e-01
1.038000000000000000e+03 3.163908524755888463e-01
1.039000000000000000e+03 3.156894585152255628e-01
1.040000000000000000e+03 3.149872500836275457e-01
1.041000000000000000e+03 3.142776676081213694e-01
1.042000000000000000e+03 3.135588618511785386e-01
1.043000000000000000e+03 3.128361691125340904e-01
1.044000000000000000e+03 3.121223030879987093e-01
1.045000000000000000e+03 3.114364036799556756e-01
1.046000000000000000e+03 3.108002870195316625e-01
1.047000000000000000e+03 3.102239396160627050e-01
1.048000000000000000e+03 3.096923708681663667e-01
1.049000000000000000e+03 3.091748495886216253e-01
1.050000000000000000e+03 3.086439218656621408e-01
1.051000000000000000e+03 3.080818047919818281e-01
1.052000000000000000e+03 3.074774447842114622e-01
1.053000000000000000e+03 3.068237678022122661e-01
1.054000000000000000e+03 3.061151584468243536e-01
1.055000000000000000e+03 3.053458801060603411e-01
1.056000000000000000e+03 3.045134583421003627e-01
1.057000000000000000e+03 3.036265602906774719e-01
1.058000000000000000e+03 3.027109460213551761e-01
1.059000000000000000e+03 3.018034245708650642e-01
1.060000000000000000e+03 3.009318829670782347e-01
1.061000000000000000e+03 3.001003462601101734e-01
1.062000000000000000e+03 2.992919459743747512e-01
1.063000000000000000e+03 2.984793069697287970e-01
1.064000000000000000e+03 2.976346310454124899e-01
1.065000000000000000e+03 2.967422416590804746e-01
1.066000000000000000e+03 2.958109848555480759e-01
1.067000000000000000e+03 2.948746498157930329e-01
1.068000000000000000e+03 2.939830307711999713e-01
1.069000000000000000e+03 2.931916999449084016e-01
1.070000000000000000e+03 2.925372732270172804e-01
1.071000000000000000e+03 2.920117532846882025e-01
1.072000000000000000e+03 2.915734590184639319e-01
1.073000000000000000e+03 2.911779431657464112e-01
1.074000000000000000e+03 2.907899426998093451e-01
1.075000000000000000e+03 2.903806628413740931e-01
1.076000000000000000e+03 2.899262241973832310e-01
1.077000000000000000e+03 2.894081460388210347e-01
1.078000000000000000e+03 2.888186696393691966e-01
1.079000000000000000e+03 2.881670232864488868e-01
1.080000000000000000e+03 2.874761968989667515e-01
1.081000000000000000e+03 2.867749206360222236e-01
1.082000000000000000e+03 2.860883294693656320e-01
1.083000000000000000e+03 2.854227527270910558e-01
1.084000000000000000e+03 2.847584540460381675e-01
1.085000000000000000e+03 2.840629781305247792e-01
1.086000000000000000e+03 2.833115745111457473e-01
1.087000000000000000e+03 2.824957411766599868e-01
1.088000000000000000e+03 2.816128157748479799e-01
1.089000000000000000e+03 2.806545474506628168e-01
1.090000000000000000e+03 2.796173173888674701e-01
1.091000000000000000e+03 2.785220167058394813e-01
1.092000000000000000e+03 2.774238732594529466e-01
1.093000000000000000e+03 2.764101562069201656e-01
1.094000000000000000e+03 2.755793127625182359e-01
1.095000000000000000e+03 2.749997804306221760e-01
1.096000000000000000e+03 2.746803309431126716e-01
1.097000000000000000e+03 2.745814917511375519e-01
1.098000000000000000e+03 2.746462051739648746e-01
1.099000000000000000e+03 2.748143073734355402e-01
1.100000000000000000e+03 2.750215809358974584e-01
1.101000000000000000e+03 2.752072884454816459e-01
1.102000000000000000e+03 2.753308011924764376e-01
1.103000000000000000e+03 2.753715732324553689e-01
1.104000000000000000e+03 2.753168098685842557e-01
1.105000000000000000e+03 2.751608164185722627e-01
1.106000000000000000e+03 2.749096707068137135e-01
1.107000000000000000e+03 2.745783522518102648e-01
1.108000000000000000e+03 2.741839455747267507e-01
1.109000000000000000e+03 2.737403736410105037e-01
1.110000000000000000e+03 2.732574520314687838e-01
1.111000000000000000e+03 2.727433945022463280e-01
1.112000000000000000e+03 2.722062310591005785e-01
1.113000000000000000e+03 2.716519700678820537e-01
1.114000000000000000e+03 2.710821457199612539e-01
1.115000000000000000e+03 2.704960580141242410e-01
1.116000000000000000e+03 2.698965804804249746e-01
1.117000000000000000e+03 2.692921029834371427e-01
1.118000000000000000e+03 2.686958333999505122e-01
1.119000000000000000e+03 2.681242298848897643e-01
1.120000000000000000e+03 2.675895502565117656e-01
1.121000000000000000e+03 2.670914726108252202e-01
1.122000000000000000e+03 2.666181669814197130e-01
1.123000000000000000e+03 2.661570184767391711e-01
1.124000000000000000e+03 2.657063499710249355e-01
1.125000000000000000e+03 2.652803995851648056e-01
1.126000000000000000e+03 2.649030262729218932e-01
1.127000000000000000e+03 2.645881029546493513e-01
1.128000000000000000e+03 2.643220812075710024e-01
1.129000000000000000e+03 2.640695653427621581e-01
1.130000000000000000e+03 2.637917281215614307e-01
1.131000000000000000e+03 2.634554533604955284e-01
1.132000000000000000e+03 2.630358930530484751e-01
1.133000000000000000e+03 2.625218668675304845e-01
1.134000000000000000e+03 2.619179792318162003e-01
1.135000000000000000e+03 2.612405464441247549e-01
1.136000000000000000e+03 2.605169879916651166e-01
1.137000000000000000e+03 2.597892461544046849e-01
1.138000000000000000e+03 2.591068479434914251e-01
1.139000000000000000e+03 2.585070730867647382e-01
1.140000000000000000e+03 2.580045630014983216e-01
1.141000000000000000e+03 2.575994842465780255e-01
1.142000000000000000e+03 2.572843133960088791e-01
1.143000000000000000e+03 2.570441722667003437e-01
1.144000000000000000e+03 2.568595397596209473e-01
1.145000000000000000e+03 2.567054781128980667e-01
1.146000000000000000e+03 2.565494940365290466e-01
1.147000000000000000e+03 2.563597644717224844e-01
1.148000000000000000e+03 2.561174505667124790e-01
1.149000000000000000e+03 2.558198231270846779e-01
1.150000000000000000e+03 2.554739447206976766e-01
1.151000000000000000e+03 2.550887099410794612e-01
1.152000000000000000e+03 2.546692645026766288e-01
1.153000000000000000e+03 2.542127464392741620e-01
1.154000000000000000e+03 2.537072245243919277e-01
1.155000000000000000e+03 2.531385363068354155e-01
1.156000000000000000e+03 2.525009070488498097e-01
1.157000000000000000e+03 2.518012389529455941e-01
1.158000000000000000e+03 2.510589304663379262e-01
1.159000000000000000e+03 2.503081272054659134e-01
1.160000000000000000e+03 2.495953394660807845e-01
1.161000000000000000e+03 2.489632132952879218e-01
1.162000000000000000e+03 2.484293641799885655e-01
1.163000000000000000e+03 2.479829015078265086e-01
1.164000000000000000e+03 2.476026267431182537e-01
1.165000000000000000e+03 2.472723577574475196e-01
1.166000000000000000e+03 2.469810727157402963e-01
1.167000000000000000e+03 2.467168964982871526e-01
1.168000000000000000e+03 2.464645042156563270e-01
1.169000000000000000e+03 2.462086463145579385e-01
1.170000000000000000e+03 2.459323433153677296e-01
1.171000000000000000e+03 2.456106496475297385e-01
1.172000000000000000e+03 2.452180397449476024e-01
1.173000000000000000e+03 2.447433354471536260e-01
1.174000000000000000e+03 2.441952718137154199e-01
1.175000000000000000e+03 2.435992467807627238e-01
1.176000000000000000e+03 2.429864925778875695e-01
1.177000000000000000e+03 2.423777990153232476e-01
1.178000000000000000e+03 2.417778100098807170e-01
1.179000000000000000e+03 2.411835237912067775e-01
1.180000000000000000e+03 2.405920041125615694e-01
1.181000000000000000e+03 2.400067213528279397e-01
1.182000000000000000e+03 2.394471776623614545e-01
1.183000000000000000e+03 2.389462512318530352e-01
1.184000000000000000e+03 2.385241284317851651e-01
1.185000000000000000e+03 2.381677787129745649e-01
1.186000000000000000e+03 2.378464714974552474e-01
1.187000000000000000e+03 2.375414120819044905e-01
1.188000000000000000e+03 2.372581415506529734e-01
1.189000000000000000e+03 2.370160640446415390e-01
1.190000000000000000e+03 2.368181429614702460e-01
1.191000000000000000e+03 2.366298308923104332e-01
1.192000000000000000e+03 2.363962321081434503e-01
1.193000000000000000e+03 2.360733782558240290e-01
1.194000000000000000e+03 2.356419863021696481e-01
1.195000000000000000e+03 2.351081794067508279e-01
1.196000000000000000e+03 2.345007035086206226e-01
1.197000000000000000e+03 2.338659719419535765e-01
1.198000000000000000e+03 2.332609321306670647e-01
1.199000000000000000e+03 2.327345974075955004e-01
1.200000000000000000e+03 2.322983451825974821e-01
1.201000000000000000e+03 2.319182638183276413e-01
1.202000000000000000e+03 2.315480366196497886e-01
1.203000000000000000e+03 2.311640623235857450e-01
1.204000000000000000e+03 2.307634477082226576e-01
1.205000000000000000e+03 2.303408833350336360e-01
1.206000000000000000e+03 2.298853026192286542e-01
1.207000000000000000e+03 2.294004402823258959e-01
1.208000000000000000e+03 2.289205986217682232e-01
1.209000000000000000e+03 2.285000542137202717e-01
1.210000000000000000e+03 2.281793540126281494e-01
1.211000000000000000e+03 2.279618443332676603e-01
1.212000000000000000e+03 2.278196408418147745e-01
1.213000000000000000e+03 2.277102852152749213e-01
1.214000000000000000e+03 2.275916046246603541e-01
1.215000000000000000e+03 2.274322433488381867e-01
1.216000000000000000e+03 2.272141685797582078e-01
1.217000000000000000e+03 2.269313934464043947e-01
1.218000000000000000e+03 2.265880117823577122e-01
1.219000000000000000e+03 2.261943845782085627e-01
1.220000000000000000e+03 2.257621079059834446e-01
1.221000000000000000e+03 2.253012858604166724e-01
1.222000000000000000e+03 2.248218904720228617e-01
1.223000000000000000e+03 2.243339972961074513e-01
1.224000000000000000e+03 2.238439589662927220e-01
1.225000000000000000e+03 2.233536131227693844e-01
1.226000000000000000e+03 2.228661054293982757e-01
1.227000000000000000e+03 2.223890109119924519e-01
1.228000000000000000e+03 2.219271519101804202e-01
1.229000000000000000e+03 2.214747056001409586e-01
1.230000000000000000e+03 2.210195224561865290e-01
1.231000000000000000e+03 2.205534534962428073e-01
1.232000000000000000e+03 2.200756649413524724e-01
1.233000000000000000e+03 2.195886239289237818e-01
1.234000000000000000e+03 2.190941180163467061e-01
1.235000000000000000e+03 2.185927123828073082e-01
1.236000000000000000e+03 2.180838432007520811e-01
1.237000000000000000e+03 2.175665351482216070e-01
1.238000000000000000e+03 2.170433523015177779e-01
1.239000000000000000e+03 2.165239904137050420e-01
1.240000000000000000e+03 2.160227297436395355e-01
1.241000000000000000e+03 2.155520917686632454e-01
1.242000000000000000e+03 2.151217072467543068e-01
1.243000000000000000e+03 2.147419787914347789e-01
1.244000000000000000e+03 2.144219616250049032e-01
1.245000000000000000e+03 2.141610778333398468e-01
1.246000000000000000e+03 2.139449670604329778e-01
1.247000000000000000e+03 2.137493465053502129e-01
1.248000000000000000e+03 2.135472724529776656e-01
1.249000000000000000e+03 2.133162530538353363e-01
1.250000000000000000e+03 2.130441411590082157e-01
1.251000000000000000e+03 2.127312029294298468e-01
1.252000000000000000e+03 2.123863953458206277e-01
1.253000000000000000e+03 2.120198915796684680e-01
1.254000000000000000e+03 2.116376678494038543e-01
1.255000000000000000e+03 2.112420960269763004e-01
1.256000000000000000e+03 2.108353520293330952e-01
1.257000000000000000e+03 2.104205666608297554e-01
1.258000000000000000e+03 2.100002860525695125e-01
1.259000000000000000e+03 2.095754974633976531e-01
1.260000000000000000e+03 2.091469202252408399e-01
1.261000000000000000e+03 2.087178348895999402e-01
1.262000000000000000e+03 2.082961507602534845e-01
1.263000000000000000e+03 2.078924828305077077e-01
1.264000000000000000e+03 2.075169309989459976e-01
1.265000000000000000e+03 2.071778473670985443e-01
1.266000000000000000e+03 2.068811133325975937e-01
1.267000000000000000e+03 2.066310791973726135e-01
1.268000000000000000e+03 2.064294382440414466e-01
1.269000000000000000e+03 2.062672202845681757e-01
1.270000000000000000e+03 2.061197899786771648e-01
1.271000000000000000e+03 2.059529219311842518e-01
1.272000000000000000e+03 2.057322250511804396e-01
1.273000000000000000e+03 2.054276664214539083e-01
1.274000000000000000e+03 2.050131862020218021e-01
1.275000000000000000e+03 2.044649578671137446e-01
1.276000000000000000e+03 2.037632535566191450e-01
1.277000000000000000e+03 2.029007374024874300e-01
1.278000000000000000e+03 2.018935943291327861e-01
1.279000000000000000e+03 2.007900864082664272e-01
1.280000000000000000e+03 1.996747248655786622e-01
1.281000000000000000e+03 1.986659774215244756e-01
1.282000000000000000e+03 1.978901247778286354e-01
1.283000000000000000e+03 1.974200618139251295e-01
1.284000000000000000e+03 1.972309582421206409e-01
1.285000000000000000e+03 1.972277383274451401e-01
1.286000000000000000e+03 1.973049696503769157e-01
1.287000000000000000e+03 1.973799804199453944e-01
1.288000000000000000e+03 1.974000438266161062e-01
1.289000000000000000e+03 1.973410928799647079e-01
1.290000000000000000e+03 1.972013829742377267e-01
1.291000000000000000e+03 1.969899622581212928e-01
1.292000000000000000e+03 1.967158739005817891e-01
1.293000000000000000e+03 1.963866031908057808e-01
1.294000000000000000e+03 1.960117608461058869e-01
1.295000000000000000e+03 1.956017295342444562e-01
1.296000000000000000e+03 1.951641197228747848e-01
1.297000000000000000e+03 1.947056611094190037e-01
1.298000000000000000e+03 1.942347547302463728e-01
1.299000000000000000e+03 1.937587654710883622e-01
1.300000000000000000e+03 1.932824080544522927e-01
1.301000000000000000e+03 1.928118023469501952e-01
1.302000000000000000e+03 1.923572745618251090e-01
1.303000000000000000e+03 1.919292355864336552e-01
1.304000000000000000e+03 1.915301536915512415e-01
1.305000000000000000e+03 1.911494568727040710e-01
1.306000000000000000e+03 1.907663744654558291e-01
1.307000000000000000e+03 1.903585934298633597e-01
1.308000000000000000e+03 1.899094695868115412e-01
1.309000000000000000e+03 1.894111810931602413e-01
1.310000000000000000e+03 1.888667033210144897e-01
1.311000000000000000e+03 1.882916016897063782e-01
1.312000000000000000e+03 1.877141031908438895e-01
1.313000000000000000e+03 1.871696695237355101e-01
1.314000000000000000e+03 1.866886671368455375e-01
1.315000000000000000e+03 1.862869128300070343e-01
1.316000000000000000e+03 1.859637547428735771e-01
1.317000000000000000e+03 1.857019901742319457e-01
1.318000000000000000e+03 1.854727188223047607e-01
1.319000000000000000e+03 1.852450716706180722e-01
1.320000000000000000e+03 1.849933444796185988e-01
1.321000000000000000e+03 1.847008652125126382e-01
1.322000000000000000e+03 1.843596161375313236e-01
1.323000000000000000e+03 1.839662588362132312e-01
1.324000000000000000e+03 1.835205641712610580e-01
1.325000000000000000e+03 1.830274190686249081e-01
1.326000000000000000e+03 1.824989525124915413e-01
1.327000000000000000e+03 1.819542282116986542e-01
1.328000000000000000e+03 1.814167240154999639e-01
1.329000000000000000e+03 1.809103261623145609e-01
1.330000000000000000e+03 1.804520280211714123e-01
1.331000000000000000e+03 1.800461502846416317e-01
1.332000000000000000e+03 1.796868109611178543e-01
1.333000000000000000e+03 1.793613666813934360e-01
1.334000000000000000e+03 1.790522042319864504e-01
1.335000000000000000e+03 1.787444198176914301e-01
1.336000000000000000e+03 1.784336291410996977e-01
1.337000000000000000e+03 1.781255309697870048e-01
1.338000000000000000e+03 1.778317655327491531e-01
1.339000000000000000e+03 1.775658715401909338e-01
1.340000000000000000e+03 1.773359302859870701e-01
1.341000000000000000e+03 1.771364869952022636e-01
1.342000000000000000e+03 1.769499965206943470e-01
1.343000000000000000e+03 1.767568192716927888e-01
1.344000000000000000e+03 1.765422875842370953e-01
1.345000000000000000e+03 1.762983768727588718e-01
1.346000000000000000e+03 1.760235646838263501e-01
1.347000000000000000e+03 1.757206097218105556e-01
1.348000000000000000e+03 1.753940506893103823e-01
1.349000000000000000e+03 1.750506158889584551e-01
1.350000000000000000e+03 1.746993161583721144e-01
1.351000000000000000e+03 1.743470689800530882e-01
1.352000000000000000e+03 1.739944005184334286e-01
1.353000000000000000e+03 1.736385704726449153e-01
1.354000000000000000e+03 1.732813506245984292e-01
1.355000000000000000e+03 1.729321941567674992e-01
1.356000000000000000e+03 1.726040813899950566e-01
1.357000000000000000e+03 1.723063893508826050e-01
1.358000000000000000e+03 1.720397168786280129e-01
1.359000000000000000e+03 1.717966603890205834e-01
1.360000000000000000e+03 1.715669830901849213e-01
1.361000000000000000e+03 1.713402237585875953e-01
1.362000000000000000e+03 1.711072060719394383e-01
1.363000000000000000e+03 1.708635790664645993e-01
1.364000000000000000e+03 1.706085460036353141e-01
1.365000000000000000e+03 1.703403644189769306e-01
1.366000000000000000e+03 1.700578641420592563e-01
1.367000000000000000e+03 1.697643818924308989e-01
1.368000000000000000e+03 1.694675776825994573e-01
1.369000000000000000e+03 1.691773199995120214e-01
1.370000000000000000e+03 1.689021487849882153e-01
1.371000000000000000e+03 1.686434185002892439e-01
1.372000000000000000e+03 1.683930660129036305e-01
1.373000000000000000e+03 1.681394607042973610e-01
1.374000000000000000e+03 1.678766732690397945e-01
1.375000000000000000e+03 1.676094796035664247e-01
1.376000000000000000e+03 1.673492370086965553e-01
1.377000000000000000e+03 1.671034826856768740e-01
1.378000000000000000e+03 1.668698737774497454e-01
1.379000000000000000e+03 1.666396496981610020e-01
1.380000000000000000e+03 1.664050532968933682e-01
1.381000000000000000e+03 1.661642584103334430e-01
1.382000000000000000e+03 1.659213144840635257e-01
1.383000000000000000e+03 1.656816348460353194e-01
1.384000000000000000e+03 1.654474292781989986e-01
1.385000000000000000e+03 1.652177382015511120e-01
1.386000000000000000e+03 1.649909380126956260e-01
1.387000000000000000e+03 1.647656188902374974e-01
1.388000000000000000e+03 1.645400231523457546e-01
1.389000000000000000e+03 1.643119813270955409e-01
1.390000000000000000e+03 1.640797691127736102e-01
1.391000000000000000e+03 1.638409080173484911e-01
1.392000000000000000e+03 1.635903981301682075e-01
1.393000000000000000e+03 1.633233287994009519e-01
1.394000000000000000e+03 1.630375532257605786e-01
1.395000000000000000e+03 1.627311898565182990e-01
1.396000000000000000e+03 1.623994298699659167e-01
1.397000000000000000e+03 1.620363111382792931e-01
1.398000000000000000e+03 1.616405468645650545e-01
1.399000000000000000e+03 1.612212351971695212e-01
1.400000000000000000e+03 1.607988920375791331e-01
1.401000000000000000e+03 1.603970772753252616e-01
1.402000000000000000e+03 1.600301724240762169e-01
1.403000000000000000e+03 1.597006074301820511e-01
1.404000000000000000e+03 1.594041199231047701e-01
1.405000000000000000e+03 1.591326612452395595e-01
1.406000000000000000e+03 1.588751360741629259e-01
1.407000000000000000e+03 1.586200018361691721e-01
1.408000000000000000e+03 1.583586050976840132e-01
1.409000000000000000e+03 1.580873196391851809e-01
1.410000000000000000e+03 1.578094315866868380e-01
1.411000000000000000e+03 1.575369953170923654e-01
1.412000000000000000e+03 1.572876118388184530e-01
1.413000000000000000e+03 1.570727861435808892e-01
1.414000000000000000e+03 1.568875307166815447e-01
1.415000000000000000e+03 1.567131747022638133e-01
1.416000000000000000e+03 1.565279097591962265e-01
1.417000000000000000e+03 1.563129789440076689e-01
1.418000000000000000e+03 1.560552430232300392e-01
1.419000000000000000e+03 1.557505102783446060e-01
1.420000000000000000e+03 1.554040282740055401e-01
1.421000000000000000e+03 1.550273375951020938e-01
1.422000000000000000e+03 1.546368498999659280e-01
1.423000000000000000e+03 1.542523032017142914e-01
1.424000000000000000e+03 1.538911524949894971e-01
1.425000000000000000e+03 1.535651229036256449e-01
1.426000000000000000e+03 1.532827013056752286e-01
1.427000000000000000e+03 1.530497435749387514e-01
1.428000000000000000e+03 1.528669169668021854e-01
1.429000000000000000e+03 1.527314330955598376e-01
1.430000000000000000e+03 1.526380971510739593e-01
1.431000000000000000e+03 1.525728669766621137e-01
1.432000000000000000e+03 1.525091183000471529e-01
1.433000000000000000e+03 1.524161273923961835e-01
1.434000000000000000e+03 1.522713703847188571e-01
1.435000000000000000e+03 1.520634043598018126e-01
1.436000000000000000e+03 1.517874390279922436e-01
1.437000000000000000e+03 1.514442267684177890e-01
1.438000000000000000e+03 1.510435021608913519e-01
1.439000000000000000e+03 1.506079883929523355e-01
1.440000000000000000e+03 1.501736451321923349e-01
1.441000000000000000e+03 1.497791663407944673e-01
1.442000000000000000e+03 1.494493280407201696e-01
1.443000000000000000e+03 1.491877202279435211e-01
1.444000000000000000e+03 1.489811223185719680e-01
1.445000000000000000e+03 1.488071932524655527e-01
1.446000000000000000e+03 1.486417625900267603e-01
1.447000000000000000e+03 1.484644515253572550e-01
1.448000000000000000e+03 1.482612474287531845e-01
1.449000000000000000e+03 1.480259650764234880e-01
1.450000000000000000e+03 1.477628803095004939e-01
1.451000000000000000e+03 1.474865334171417131e-01
1.452000000000000000e+03 1.472152133336324942e-01
1.453000000000000000e+03 1.469637108522763025e-01
1.454000000000000000e+03 1.467416495708968316e-01
1.455000000000000000e+03 1.465546440249702043e-01
1.456000000000000000e+03 1.464025129128743996e-01
1.457000000000000000e+03 1.462752691420479423e-01
1.458000000000000000e+03 1.461530625698539976e-01
1.459000000000000000e+03 1.460141368963678854e-01
1.460000000000000000e+03 1.458457666148076926e-01
1.461000000000000000e+03 1.456486490827815228e-01
1.462000000000000000e+03 1.454330373393742104e-01
1.463000000000000000e+03 1.452115967706244792e-01
1.464000000000000000e+03 1.449922977398306612e-01
1.465000000000000000e+03 1.447745467001835262e-01
1.466000000000000000e+03 1.445508145016490276e-01
1.467000000000000000e+03 1.443106240146997399e-01
1.468000000000000000e+03 1.440443485291053316e-01
1.469000000000000000e+03 1.437468778813126569e-01
1.470000000000000000e+03 1.434209782355745366e-01
1.471000000000000000e+03 1.430793436240579419e-01
1.472000000000000000e+03 1.427415547429273235e-01
1.473000000000000000e+03 1.424278760363598961e-01
1.474000000000000000e+03 1.421551069540847312e-01
1.475000000000000000e+03 1.419312978754587173e-01
1.476000000000000000e+03 1.417513051065730778e-01
1.477000000000000000e+03 1.416002666824385525e-01
1.478000000000000000e+03 1.414594548272571639e-01
1.479000000000000000e+03 1.413083450503923866e-01
1.480000000000000000e+03 1.411276307263497620e-01
1.481000000000000000e+03 1.409049628962147915e-01
1.482000000000000000e+03 1.406379905205368264e-01
1.483000000000000000e+03 1.403327784282953627e-01
1.484000000000000000e+03 1.400001155059079627e-01
1.485000000000000000e+03 1.396546031693386980e-01
1.486000000000000000e+03 1.393212821753077313e-01
1.487000000000000000e+03 1.390432757280698761e-01
1.488000000000000000e+03 1.388710832104688986e-01
1.489000000000000000e+03 1.388273488041411319e-01
1.490000000000000000e+03 1.388843579645994974e-01
1.491000000000000000e+03 1.389854302930809693e-01
1.492000000000000000e+03 1.390772207608525490e-01
1.493000000000000000e+03 1.391190357154988844e-01
1.494000000000000000e+03 1.390815179844598348e-01
1.495000000000000000e+03 1.389489575089274120e-01
1.496000000000000000e+03 1.387193016243534471e-01
1.497000000000000000e+03 1.383952202822001376e-01
1.498000000000000000e+03 1.379757164084380594e-01
1.499000000000000000e+03 1.374595152327908465e-01
1.500000000000000000e+03 1.368542566631063828e-01
1.501000000000000000e+03 1.361851536725086353e-01
1.502000000000000000e+03 1.355047402520965505e-01
1.503000000000000000e+03 1.348918383101888052e-01
1.504000000000000000e+03 1.344252006606495298e-01
1.505000000000000000e+03 1.341493904490896338e-01
1.506000000000000000e+03 1.340598541812199618e-01
1.507000000000000000e+03 1.341105173531482730e-01
1.508000000000000000e+03 1.342375685080802183e-01
1.509000000000000000e+03 1.343831725426098411e-01
1.510000000000000000e+03 1.345028890516635489e-01
1.511000000000000000e+03 1.345664478427741340e-01
1.512000000000000000e+03 1.345622779606537867e-01
1.513000000000000000e+03 1.344967061546867015e-01
1.514000000000000000e+03 1.343836851032421675e-01
1.515000000000000000e+03 1.342346460334039593e-01
1.516000000000000000e+03 1.340557675197442122e-01
1.517000000000000000e+03 1.338502309237660226e-01
1.518000000000000000e+03 1.336204300367914155e-01
1.519000000000000000e+03 1.333703090621436715e-01
1.520000000000000000e+03 1.331082188081766371e-01
1.521000000000000000e+03 1.328470221046764155e-01
1.522000000000000000e+03 1.325991090291163410e-01
1.523000000000000000e+03 1.323692152575326186e-01
1.524000000000000000e+03 1.321535075935518777e-01
1.525000000000000000e+03 1.319449259207605418e-01
1.526000000000000000e+03 1.317353363880792716e-01
1.527000000000000000e+03 1.315161502889713729e-01
1.528000000000000000e+03 1.312835678405849527e-01
1.529000000000000000e+03 1.310442203295567598e-01
1.530000000000000000e+03 1.308126414542946370e-01
1.531000000000000000e+03 1.305976835471933661e-01
1.532000000000000000e+03 1.303936288008767652e-01
1.533000000000000000e+03 1.301898736990347583e-01
1.534000000000000000e+03 1.299823280907112799e-01
1.535000000000000000e+03 1.297707649089235027e-01
1.536000000000000000e+03 1.295528738405796465e-01
1.537000000000000000e+03 1.293273001788330934e-01
1.538000000000000000e+03 1.291004360399722883e-01
1.539000000000000000e+03 1.288859950312072622e-01
1.540000000000000000e+03 1.286979394318640280e-01
1.541000000000000000e+03 1.285421801149677079e-01
1.542000000000000000e+03 1.284108494955372159e-01
1.543000000000000000e+03 1.282845690109817027e-01
1.544000000000000000e+03 1.281406561570027913e-01
1.545000000000000000e+03 1.279606572802269304e-01
1.546000000000000000e+03 1.277364540080482003e-01
1.547000000000000000e+03 1.274738504755418000e-01
1.548000000000000000e+03 1.271889897605826547e-01
1.549000000000000000e+03 1.268980112990970577e-01
1.550000000000000000e+03 1.266096069810445923e-01
1.551000000000000000e+03 1.263258853557383543e-01
1.552000000000000000e+03 1.260469218763837773e-01
1.553000000000000000e+03 1.257766052028846948e-01
1.554000000000000000e+03 1.255262026912363493e-01
1.555000000000000000e+03 1.253093636631447405e-01
1.556000000000000000e+03 1.251327176887329362e-01
1.557000000000000000e+03 1.249911323163112181e-01
1.558000000000000000e+03 1.248707759053584027e-01
1.559000000000000000e+03 1.247565015226046042e-01
1.560000000000000000e+03 1.246357237694798309e-01
1.561000000000000000e+03 1.244973565560946599e-01
1.562000000000000000e+03 1.243326173523133099e-01
1.563000000000000000e+03 1.241390649689201042e-01
1.564000000000000000e+03 1.239213387783892895e-01
1.565000000000000000e+03 1.236868087025427415e-01
1.566000000000000000e+03 1.234420888842157477e-01
1.567000000000000000e+03 1.231924018871153603e-01
1.568000000000000000e+03 1.229400483139868050e-01
1.569000000000000000e+03 1.226817050470008497e-01
1.570000000000000000e+03 1.224074726909387539e-01
1.571000000000000000e+03 1.221035836235327965e-01
1.572000000000000000e+03 1.217605331000822660e-01
1.573000000000000000e+03 1.213842853419045409e-01
1.574000000000000000e+03 1.210021205467387423e-01
1.575000000000000000e+03 1.206563862658844716e-01
1.576000000000000000e+03 1.203883088038810584e-01
1.577000000000000000e+03 1.202209797955235415e-01
1.578000000000000000e+03 1.201454136431073516e-01
1.579000000000000000e+03 1.201170474052803139e-01
1.580000000000000000e+03 1.200746849351465584e-01
1.581000000000000000e+03 1.199687268488177916e-01
1.582000000000000000e+03 1.197748528503565224e-01
1.583000000000000000e+03 1.194893000856203508e-01
1.584000000000000000e+03 1.191170630079917692e-01
1.585000000000000000e+03 1.186672048302257060e-01
1.586000000000000000e+03 1.181596344209439736e-01
1.587000000000000000e+03 1.176345709350812979e-01
1.588000000000000000e+03 1.171534675579509743e-01
1.589000000000000000e+03 1.167852040169534977e-01
1.590000000000000000e+03 1.165784992692223271e-01
1.591000000000000000e+03 1.165375063027741243e-01
1.592000000000000000e+03 1.166210819568034435e-01
1.593000000000000000e+03 1.167641375614313914e-01
1.594000000000000000e+03 1.169052817719168774e-01
1.595000000000000000e+03 1.170064592979778995e-01
1.596000000000000000e+03 1.170562465213411119e-01
1.597000000000000000e+03 1.170568972953209691e-01
1.598000000000000000e+03 1.170088129459323778e-01
1.599000000000000000e+03 1.169097409820595151e-01
1.600000000000000000e+03 1.167629596742576908e-01
1.601000000000000000e+03 1.165781204597065718e-01
1.602000000000000000e+03 1.163643439470214563e-01
1.603000000000000000e+03 1.161243474634100353e-01
1.604000000000000000e+03 1.158556341337664830e-01
1.605000000000000000e+03 1.155560207825110930e-01
1.606000000000000000e+03 1.152263351728549517e-01
1.607000000000000000e+03 1.148694043063208797e-01
1.608000000000000000e+03 1.144898754852437389e-01
1.609000000000000000e+03 1.140987709724203408e-01
1.610000000000000000e+03 1.137168081282061011e-01
1.611000000000000000e+03 1.133645840157429391e-01
1.612000000000000000e+03 1.130478946746938662e-01
1.613000000000000000e+03 1.127580645719402225e-01
1.614000000000000000e+03 1.124851387479091497e-01
1.615000000000000000e+03 1.122292168815590546e-01
1.616000000000000000e+03 1.120021274043873222e-01
1.617000000000000000e+03 1.118172830791766270e-01
1.618000000000000000e+03 1.116782285007898584e-01
1.619000000000000000e+03 1.115822702494720237e-01
1.620000000000000000e+03 1.115319983282538757e-01
1.621000000000000000e+03 1.115334348034439926e-01
1.622000000000000000e+03 1.115828187475040034e-01
1.623000000000000000e+03 1.116611585379098520e-01
1.624000000000000000e+03 1.117424183174664937e-01
1.625000000000000000e+03 1.118041026851860908e-01
1.626000000000000000e+03 1.118290536940990954e-01
1.627000000000000000e+03 1.118011672059070621e-01
1.628000000000000000e+03 1.117046297751358441e-01
1.629000000000000000e+03 1.115279135899237828e-01
1.630000000000000000e+03 1.112665439750551016e-01
1.631000000000000000e+03 1.109212359349901339e-01
1.632000000000000000e+03 1.104954823420183085e-01
1.633000000000000000e+03 1.099969821705374662e-01
1.634000000000000000e+03 1.094385358322630258e-01
1.635000000000000000e+03 1.088356979104529998e-01
1.636000000000000000e+03 1.082084396836751616e-01
1.637000000000000000e+03 1.075872731218770750e-01
1.638000000000000000e+03 1.070118282552216665e-01
1.639000000000000000e+03 1.065192587337482205e-01
1.640000000000000000e+03 1.061332420642945862e-01
1.641000000000000000e+03 1.058605461255861524e-01
1.642000000000000000e+03 1.056932410367115993e-01
1.643000000000000000e+03 1.056126750187633134e-01
1.644000000000000000e+03 1.055950949427197777e-01
1.645000000000000000e+03 1.056167808783801815e-01
1.646000000000000000e+03 1.056549941225897044e-01
1.647000000000000000e+03 1.056891887228029736e-01
1.648000000000000000e+03 1.057060357022372304e-01
1.649000000000000000e+03 1.057019704845450353e-01
1.650000000000000000e+03 1.056791334805665811e-01
1.651000000000000000e+03 1.056400332005915932e-01
1.652000000000000000e+03 1.055856406917424495e-01
1.653000000000000000e+03 1.055158867231832664e-01
1.654000000000000000e+03 1.054309287698279862e-01
1.655000000000000000e+03 1.053314616155258954e-01
1.656000000000000000e+03 1.052173491062756289e-01
1.657000000000000000e+03 1.050870285136998872e-01
1.658000000000000000e+03 1.049391451999815150e-01
1.659000000000000000e+03 1.047735977080009595e-01
1.660000000000000000e+03 1.045895031057892388e-01
1.661000000000000000e+03 1.043835142932992843e-01
1.662000000000000000e+03 1.041524878498669426e-01
1.663000000000000000e+03 1.038973194937255484e-01
1.664000000000000000e+03 1.036233440807110967e-01
1.665000000000000000e+03 1.033385897687089799e-01
1.666000000000000000e+03 1.030518907847975674e-01
1.667000000000000000e+03 1.027702149866263903e-01
1.668000000000000000e+03 1.024958647731461364e-01
1.669000000000000000e+03 1.022243761174050081e-01
1.670000000000000000e+03 1.019447795854049182e-01
1.671000000000000000e+03 1.016459193413021683e-01
1.672000000000000000e+03 1.013235182122547845e-01
1.673000000000000000e+03 1.009772404556879000e-01
1.674000000000000000e+03 1.006037202308560918e-01
1.675000000000000000e+03 1.001990000448264584e-01
1.676000000000000000e+03 9.976541542952029051e-02
1.677000000000000000e+03 9.931244067335202874e-02
1.678000000000000000e+03 9.885600692155455116e-02
1.679000000000000000e+03 9.842221075327661772e-02
1.680000000000000000e+03 9.804890423789384968e-02
1.681000000000000000e+03 9.777585884373443670e-02
1.682000000000000000e+03 9.762563805506764558e-02
1.683000000000000000e+03 9.759114022770776220e-02
1.684000000000000000e+03 9.764197561832928252e-02
1.685000000000000000e+03 9.774205104308386627e-02
1.686000000000000000e+03 9.786298927726469477e-02
1.687000000000000000e+03 9.798736644184269373e-02
1.688000000000000000e+03 9.810582995258319838e-02
1.689000000000000000e+03 9.821332798330505154e-02
1.690000000000000000e+03 9.830439616930204683e-02
1.691000000000000000e+03 9.836855378813630368e-02
1.692000000000000000e+03 9.839100796397322324e-02
1.693000000000000000e+03 9.835788113785963460e-02
1.694000000000000000e+03 9.825931391727701913e-02
1.695000000000000000e+03 9.808875288055494968e-02
1.696000000000000000e+03 9.784157664070353144e-02
1.697000000000000000e+03 9.751428981110520089e-02
1.698000000000000000e+03 9.710384805258623353e-02
1.699000000000000000e+03 9.660798365978998103e-02
1.700000000000000000e+03 9.602661059395570242e-02
1.702000000000000000e+03 9.536233703340728229e-02
1.705000000000000000e+03 9.462034503358215942e-02
1.710000000000000000e+03 9.380873321323318637e-02
1.715000000000000000e+03 9.293791509921395244e-02
1.720000000000000000e+03 9.202050964684681256e-02
1.725000000000000000e+03 9.107378941339255851e-02
1.730000000000000000e+03 9.012143492239682585e-02
1.735000000000000000e+03 8.918956524014196030e-02
1.740000000000000000e+03 8.829639192532512393e-02
1.745000000000000000e+03 8.744549115404634532e-02
1.750000000000000000e+03 8.663000795386979758e-02
1.755000000000000000e+03 8.583949109710350966e-02
1.760000000000000000e+03 8.506332157610299594e-02
1.765000000000000000e+03 8.429279263675334977e-02
1.770000000000000000e+03 8.352217557344178422e-02
1.775000000000000000e+03 8.274846304404157027e-02
1.780000000000000000e+03 8.196964625560415607e-02
1.785000000000000000e+03 8.118270412072188524e-02
1.790000000000000000e+03 8.038399767461155976e-02
1.795000000000000000e+03 7.957181043872653403e-02
1.800000000000000000e+03 7.874783776442474681e-02
1.805000000000000000e+03 7.791642529959284802e-02
1.810000000000000000e+03 7.708515464154279406e-02
1.815000000000000000e+03 7.626603073236924712e-02
1.820000000000000000e+03 7.546895322938279582e-02
1.825000000000000000e+03 7.469254833969266039e-02
1.830000000000000000e+03 7.392700235704340039e-02
1.835000000000000000e+03 7.316391406122979557e-02
1.840000000000000000e+03 7.240010587949144427e-02
1.845000000000000000e+03 7.163607279677264295e-02
1.850000000000000000e+03 7.087416753574039829e-02
1.855000000000000000e+03 7.011866650704923210e-02
1.860000000000000000e+03 6.937752223574875088e-02
1.865000000000000000e+03 6.866308745649130074e-02
1.870000000000000000e+03 6.799073190685368806e-02
1.875000000000000000e+03 6.737351985184208969e-02
1.880000000000000000e+03 6.681171945960141800e-02
1.885000000000000000e+03 6.628974303854436034e-02
1.890000000000000000e+03 6.578841695175226267e-02
1.895000000000000000e+03 6.529479015808085929e-02
1.900000000000000000e+03 6.479923149067506882e-02
1.905000000000000000e+03 6.429235055194337800e-02
1.910000000000000000e+03 6.376729505265384124e-02
1.915000000000000000e+03 6.322116281039825980e-02
1.920000000000000000e+03 6.265393140810157635e-02
1.925000000000000000e+03 6.206807282180516749e-02
1.930000000000000000e+03 6.146932787960067424e-02
1.935000000000000000e+03 6.086716726514013881e-02
1.940000000000000000e+03 6.027511679719745052e-02
1.945000000000000000e+03 5.970850418081023736e-02
1.950000000000000000e+03 5.917568565403583114e-02
1.955000000000000000e+03 5.867149156959394068e-02
1.960000000000000000e+03 5.818370010196087516e-02
1.965000000000000000e+03 5.770326018779887295e-02
1.970000000000000000e+03 5.722622420912452240e-02
1.975000000000000000e+03 5.675129445372635584e-02
1.980000000000000000e+03 5.627853162783710839e-02
1.985000000000000000e+03 5.580788854052727566e-02
1.990000000000000000e+03 5.533781060694140108e-02
1.995000000000000000e+03 5.486603929280920583e-02
